0.0 , 13247 , 0 , 0.2
0.0 , 46553 , 5 , 0.2
0.0 , 101846 , 10 , 0.2
0.03333333333333333 , 32 , 2 , 0.2
0.03333333333333333 , 405 , 7 , 0.2
0.03333333333333333 , 1706 , 12 , 0.2
0.06666666666666667 , 133 , 2 , 0.2
0.06666666666666667 , 828 , 7 , 0.2
0.06666666666666667 , 3236 , 12 , 0.2
0.1 , 82 , 2 , 0.2
0.1 , 380 , 7 , 0.2
0.1 , 1413 , 12 , 0.2
0.13333333333333333 , 1752 , 1 , 0.2
0.13333333333333333 , 7469 , 6 , 0.2
0.13333333333333333 , 21123 , 11 , 0.2
0.16666666666666666 , 144 , 2 , 0.2
0.16666666666666666 , 926 , 7 , 0.2
0.16666666666666666 , 3271 , 12 , 0.2
0.2 , 273 , 2 , 0.2
0.2 , 1579 , 7 , 0.2
0.2 , 4933 , 12 , 0.2
0.23333333333333334 , 96 , 2 , 0.2
0.23333333333333334 , 672 , 7 , 0.2
0.23333333333333334 , 2715 , 12 , 0.2
0.26666666666666666 , 1532 , 1 , 0.2
0.26666666666666666 , 5773 , 6 , 0.2
0.26666666666666666 , 18242 , 11 , 0.2
0.3 , 100 , 2 , 0.2
0.3 , 424 , 7 , 0.2
0.3 , 1482 , 12 , 0.2
0.3333333333333333 , 160 , 2 , 0.2
0.3333333333333333 , 1014 , 7 , 0.2
0.3333333333333333 , 3588 , 12 , 0.2
0.36666666666666664 , 69 , 2 , 0.2
0.36666666666666664 , 622 , 7 , 0.2
0.36666666666666664 , 2240 , 12 , 0.2
0.4 , 1534 , 1 , 0.2
0.4 , 5065 , 6 , 0.2
0.4 , 12456 , 11 , 0.2
0.43333333333333335 , 72 , 2 , 0.2
0.43333333333333335 , 520 , 7 , 0.2
0.43333333333333335 , 2134 , 12 , 0.2
0.4666666666666667 , 173 , 2 , 0.2
0.4666666666666667 , 855 , 7 , 0.2
0.4666666666666667 , 2716 , 12 , 0.2
0.5 , 59 , 2 , 0.2
0.5 , 225 , 7 , 0.2
0.5 , 927 , 12 , 0.2
0.5333333333333333 , 1127 , 1 , 0.2
0.5333333333333333 , 4599 , 6 , 0.2
0.5333333333333333 , 12767 , 11 , 0.2
0.5666666666666667 , 110 , 2 , 0.2
0.5666666666666667 , 648 , 7 , 0.2
0.5666666666666667 , 2182 , 12 , 0.2
0.6 , 214 , 2 , 0.2
0.6 , 1265 , 7 , 0.2
0.6 , 3959 , 12 , 0.2
0.6333333333333333 , 126 , 2 , 0.2
0.6333333333333333 , 783 , 7 , 0.2
0.6333333333333333 , 3261 , 12 , 0.2
0.6666666666666666 , 1285 , 1 , 0.2
0.6666666666666666 , 5183 , 6 , 0.2
0.6666666666666666 , 14743 , 11 , 0.2
0.7 , 149 , 2 , 0.2
0.7 , 519 , 7 , 0.2
0.7 , 1521 , 12 , 0.2
0.7333333333333333 , 386 , 2 , 0.2
0.7333333333333333 , 1929 , 7 , 0.2
0.7333333333333333 , 5846 , 12 , 0.2
0.7666666666666666 , 252 , 2 , 0.2
0.7666666666666666 , 1375 , 7 , 0.2
0.7666666666666666 , 4595 , 12 , 0.2
0.8 , 2104 , 1 , 0.2
0.8 , 7688 , 6 , 0.2
0.8 , 20519 , 11 , 0.2
0.8333333333333334 , 386 , 2 , 0.2
0.8333333333333334 , 2021 , 7 , 0.2
0.8333333333333334 , 5773 , 12 , 0.2
0.8666666666666667 , 549 , 2 , 0.2
0.8666666666666667 , 2486 , 7 , 0.2
0.8666666666666667 , 6841 , 12 , 0.2
0.9 , 127 , 2 , 0.2
0.9 , 547 , 7 , 0.2
0.9 , 1452 , 12 , 0.2
0.9333333333333333 , 13853 , 0 , 0.2
0.9333333333333333 , 48215 , 5 , 0.2
0.9333333333333333 , 98736 , 10 , 0.2
0.9666666666666667 , 401 , 2 , 0.2
0.9666666666666667 , 1940 , 7 , 0.2
0.9666666666666667 , 6071 , 12 , 0.2
1.0 , 806 , 2 , 0.2
1.0 , 3489 , 7 , 0.2
1.0 , 10102 , 12 , 0.2
1.0333333333333332 , 432 , 2 , 0.2
1.0333333333333332 , 2143 , 7 , 0.2
1.0333333333333332 , 5750 , 12 , 0.2
1.0666666666666667 , 3335 , 1 , 0.2
1.0666666666666667 , 13470 , 6 , 0.2
1.0666666666666667 , 41766 , 11 , 0.2
1.1 , 148 , 2 , 0.2
1.1 , 524 , 7 , 0.2
1.1 , 1524 , 12 , 0.2
1.1333333333333333 , 701 , 2 , 0.2
1.1333333333333333 , 2881 , 7 , 0.2
1.1333333333333333 , 8224 , 12 , 0.2
1.1666666666666667 , 455 , 2 , 0.2
1.1666666666666667 , 2330 , 7 , 0.2
1.1666666666666667 , 6361 , 12 , 0.2
1.2 , 3289 , 1 , 0.2
1.2 , 12438 , 6 , 0.2
1.2 , 32326 , 11 , 0.2
1.2333333333333334 , 551 , 2 , 0.2
1.2333333333333334 , 2433 , 7 , 0.2
1.2333333333333334 , 6923 , 12 , 0.2
1.2666666666666666 , 793 , 2 , 0.2
1.2666666666666666 , 3199 , 7 , 0.2
1.2666666666666666 , 8963 , 12 , 0.2
1.3 , 92 , 2 , 0.2
1.3 , 273 , 7 , 0.2
1.3 , 747 , 12 , 0.2
1.3333333333333333 , 3819 , 1 , 0.2
1.3333333333333333 , 13677 , 6 , 0.2
1.3333333333333333 , 33161 , 11 , 0.2
1.3666666666666667 , 805 , 2 , 0.2
1.3666666666666667 , 3141 , 7 , 0.2
1.3666666666666667 , 8387 , 12 , 0.2
1.4 , 1220 , 2 , 0.2
1.4 , 4720 , 7 , 0.2
1.4 , 11865 , 12 , 0.2
1.4333333333333333 , 671 , 2 , 0.2
1.4333333333333333 , 2718 , 7 , 0.2
1.4333333333333333 , 7883 , 12 , 0.2
1.4666666666666666 , 5394 , 1 , 0.2
1.4666666666666666 , 18306 , 6 , 0.2
1.4666666666666666 , 42722 , 11 , 0.2
1.5 , 96 , 2 , 0.2
1.5 , 377 , 7 , 0.2
1.5 , 1013 , 12 , 0.2
1.5333333333333332 , 1017 , 2 , 0.2
1.5333333333333332 , 3733 , 7 , 0.2
1.5333333333333332 , 10079 , 12 , 0.2
1.5666666666666667 , 733 , 2 , 0.2
1.5666666666666667 , 2746 , 7 , 0.2
1.5666666666666667 , 7933 , 12 , 0.2
1.6 , 4648 , 1 , 0.2
1.6 , 16615 , 6 , 0.2
1.6 , 38867 , 11 , 0.2
1.6333333333333333 , 776 , 2 , 0.2
1.6333333333333333 , 3029 , 7 , 0.2
1.6333333333333333 , 8492 , 12 , 0.2
1.6666666666666667 , 1079 , 2 , 0.2
1.6666666666666667 , 4225 , 7 , 0.2
1.6666666666666667 , 10681 , 12 , 0.2
1.7 , 82 , 2 , 0.2
1.7 , 241 , 7 , 0.2
1.7 , 664 , 12 , 0.2
1.7333333333333334 , 5505 , 1 , 0.2
1.7333333333333334 , 19056 , 6 , 0.2
1.7333333333333334 , 44011 , 11 , 0.2
1.7666666666666666 , 954 , 2 , 0.2
1.7666666666666666 , 3510 , 7 , 0.2
1.7666666666666666 , 9367 , 12 , 0.2
1.8 , 1715 , 2 , 0.2
1.8 , 5675 , 7 , 0.2
1.8 , 14559 , 12 , 0.2
1.8333333333333333 , 1058 , 2 , 0.2
1.8333333333333333 , 3703 , 7 , 0.2
1.8333333333333333 , 10614 , 12 , 0.2
1.8666666666666667 , 14411 , 0 , 0.2
1.8666666666666667 , 47510 , 5 , 0.2
1.8666666666666667 , 90488 , 10 , 0.2
1.9 , 30 , 2 , 0.2
1.9 , 141 , 7 , 0.2
1.9 , 430 , 12 , 0.2
1.9333333333333333 , 1488 , 2 , 0.2
1.9333333333333333 , 5372 , 7 , 0.2
1.9333333333333333 , 13948 , 12 , 0.2
1.9666666666666666 , 1288 , 2 , 0.2
1.9666666666666666 , 4636 , 7 , 0.2
1.9666666666666666 , 12339 , 12 , 0.2
2.0 , 7512 , 1 , 0.2
2.0 , 29867 , 6 , 0.2
2.0 , 84305 , 11 , 0.2
2.033333333333333 , 1818 , 2 , 0.2
2.033333333333333 , 6157 , 7 , 0.2
2.033333333333333 , 14615 , 12 , 0.2
2.0666666666666664 , 2637 , 2 , 0.2
2.0666666666666664 , 8327 , 7 , 0.2
2.0666666666666664 , 21250 , 12 , 0.2
2.1 , 22 , 2 , 0.2
2.1 , 90 , 7 , 0.2
2.1 , 531 , 12 , 0.2
2.1333333333333333 , 10626 , 1 , 0.2
2.1333333333333333 , 33725 , 6 , 0.2
2.1333333333333333 , 72167 , 11 , 0.2
2.1666666666666665 , 1650 , 2 , 0.2
2.1666666666666665 , 5820 , 7 , 0.2
2.1666666666666665 , 14699 , 12 , 0.2
2.2 , 2981 , 2 , 0.2
2.2 , 11043 , 7 , 0.2
2.2 , 26743 , 12 , 0.2
2.2333333333333334 , 1795 , 2 , 0.2
2.2333333333333334 , 6357 , 7 , 0.2
2.2333333333333334 , 15690 , 12 , 0.2
2.2666666666666666 , 10886 , 1 , 0.2
2.2666666666666666 , 37801 , 6 , 0.2
2.2666666666666666 , 73150 , 11 , 0.2
2.3 , 47 , 2 , 0.2
2.3 , 199 , 7 , 0.2
2.3 , 661 , 12 , 0.2
2.3333333333333335 , 2294 , 2 , 0.2
2.3333333333333335 , 8227 , 7 , 0.2
2.3333333333333335 , 20311 , 12 , 0.2
2.3666666666666667 , 1750 , 2 , 0.2
2.3666666666666667 , 6508 , 7 , 0.2
2.3666666666666667 , 15440 , 12 , 0.2
2.4 , 9943 , 1 , 0.2
2.4 , 34651 , 6 , 0.2
2.4 , 64552 , 11 , 0.2
2.433333333333333 , 1797 , 2 , 0.2
2.433333333333333 , 6582 , 7 , 0.2
2.433333333333333 , 17058 , 12 , 0.2
2.466666666666667 , 2416 , 2 , 0.2
2.466666666666667 , 9334 , 7 , 0.2
2.466666666666667 , 22861 , 12 , 0.2
2.5 , 47 , 2 , 0.2
2.5 , 195 , 7 , 0.2
2.5 , 1143 , 12 , 0.2
2.533333333333333 , 9528 , 1 , 0.2
2.533333333333333 , 33090 , 6 , 0.2
2.533333333333333 , 59861 , 11 , 0.2
2.5666666666666664 , 1549 , 2 , 0.2
2.5666666666666664 , 6328 , 7 , 0.2
2.5666666666666664 , 17804 , 12 , 0.2
2.6 , 2461 , 2 , 0.2
2.6 , 10407 , 7 , 0.2
2.6 , 25602 , 12 , 0.2
2.6333333333333333 , 1331 , 2 , 0.2
2.6333333333333333 , 6231 , 7 , 0.2
2.6333333333333333 , 16561 , 12 , 0.2
2.6666666666666665 , 10795 , 1 , 0.2
2.6666666666666665 , 37042 , 6 , 0.2
2.6666666666666665 , 67590 , 11 , 0.2
2.7 , 73 , 2 , 0.2
2.7 , 303 , 7 , 0.2
2.7 , 1266 , 12 , 0.2
2.7333333333333334 , 1956 , 2 , 0.2
2.7333333333333334 , 8667 , 7 , 0.2
2.7333333333333334 , 23555 , 12 , 0.2
2.7666666666666666 , 1683 , 2 , 0.2
2.7666666666666666 , 6857 , 7 , 0.2
2.7666666666666666 , 17416 , 12 , 0.2
2.8 , 16479 , 0 , 0.2
2.8 , 51514 , 5 , 0.2
2.8 , 93067 , 10 , 0.2
2.8333333333333335 , 1576 , 2 , 0.2
2.8333333333333335 , 6920 , 7 , 0.2
2.8333333333333335 , 17480 , 12 , 0.2
2.8666666666666667 , 2267 , 2 , 0.2
2.8666666666666667 , 9772 , 7 , 0.2
2.8666666666666667 , 20873 , 12 , 0.2
2.9 , 27 , 2 , 0.2
2.9 , 236 , 7 , 0.2
2.9 , 1480 , 12 , 0.2
2.933333333333333 , 10917 , 1 , 0.2
2.933333333333333 , 36976 , 6 , 0.2
2.933333333333333 , 64542 , 11 , 0.2
2.966666666666667 , 1676 , 2 , 0.2
2.966666666666667 , 7171 , 7 , 0.2
2.966666666666667 , 19108 , 12 , 0.2
3.0 , 3691 , 2 , 0.2
3.0 , 16350 , 7 , 0.2
3.0 , 44870 , 12 , 0.2
3.033333333333333 , 1866 , 2 , 0.2
3.033333333333333 , 7930 , 7 , 0.2
3.033333333333333 , 18409 , 12 , 0.2
3.0666666666666664 , 13805 , 1 , 0.2
3.0666666666666664 , 50363 , 6 , 0.2
3.0666666666666664 , 115950 , 11 , 0.2
3.1 , 72 , 2 , 0.2
3.1 , 480 , 7 , 0.2
3.1 , 2059 , 12 , 0.2
3.1333333333333333 , 2868 , 2 , 0.2
3.1333333333333333 , 12157 , 7 , 0.2
3.1333333333333333 , 33048 , 12 , 0.2
3.1666666666666665 , 2315 , 2 , 0.2
3.1666666666666665 , 8890 , 7 , 0.2
3.1666666666666665 , 22930 , 12 , 0.2
3.2 , 12426 , 1 , 0.2
3.2 , 42520 , 6 , 0.2
3.2 , 89286 , 11 , 0.2
3.2333333333333334 , 2080 , 2 , 0.2
3.2333333333333334 , 9058 , 7 , 0.2
3.2333333333333334 , 24062 , 12 , 0.2
3.2666666666666666 , 3176 , 2 , 0.2
3.2666666666666666 , 11984 , 7 , 0.2
3.2666666666666666 , 25454 , 12 , 0.2
3.3 , 69 , 2 , 0.2
3.3 , 237 , 7 , 0.2
3.3 , 895 , 12 , 0.2
3.3333333333333335 , 12526 , 1 , 0.2
3.3333333333333335 , 43318 , 6 , 0.2
3.3333333333333335 , 83288 , 11 , 0.2
3.3666666666666667 , 1991 , 2 , 0.2
3.3666666666666667 , 8237 , 7 , 0.2
3.3666666666666667 , 18547 , 12 , 0.2
3.4 , 4078 , 2 , 0.2
3.4 , 15127 , 7 , 0.2
3.4 , 34361 , 12 , 0.2
3.433333333333333 , 2158 , 2 , 0.2
3.433333333333333 , 9131 , 7 , 0.2
3.433333333333333 , 24749 , 12 , 0.2
3.466666666666667 , 12677 , 1 , 0.2
3.466666666666667 , 41141 , 6 , 0.2
3.466666666666667 , 82823 , 11 , 0.2
3.5 , 62 , 2 , 0.2
3.5 , 335 , 7 , 0.2
3.5 , 1458 , 12 , 0.2
3.533333333333333 , 2383 , 2 , 0.2
3.533333333333333 , 10634 , 7 , 0.2
3.533333333333333 , 25653 , 12 , 0.2
3.5666666666666664 , 1742 , 2 , 0.2
3.5666666666666664 , 7587 , 7 , 0.2
3.5666666666666664 , 18414 , 12 , 0.2
3.6 , 11159 , 1 , 0.2
3.6 , 37448 , 6 , 0.2
3.6 , 77722 , 11 , 0.2
3.6333333333333333 , 1767 , 2 , 0.2
3.6333333333333333 , 8046 , 7 , 0.2
3.6333333333333333 , 21784 , 12 , 0.2
3.6666666666666665 , 2541 , 2 , 0.2
3.6666666666666665 , 10743 , 7 , 0.2
3.6666666666666665 , 22100 , 12 , 0.2
3.6999999999999997 , 71 , 2 , 0.2
3.6999999999999997 , 336 , 7 , 0.2
3.6999999999999997 , 1484 , 12 , 0.2
3.7333333333333334 , 16050 , 0 , 0.2
3.7333333333333334 , 49643 , 5 , 0.2
3.7333333333333334 , 87083 , 10 , 0.2
3.7666666666666666 , 1664 , 2 , 0.2
3.7666666666666666 , 8506 , 7 , 0.2
3.7666666666666666 , 19435 , 12 , 0.2
3.8 , 3299 , 2 , 0.2
3.8 , 14484 , 7 , 0.2
3.8 , 32538 , 12 , 0.2
3.8333333333333335 , 1899 , 2 , 0.2
3.8333333333333335 , 9400 , 7 , 0.2
3.8333333333333335 , 25199 , 12 , 0.2
3.8666666666666667 , 12652 , 1 , 0.2
3.8666666666666667 , 42169 , 6 , 0.2
3.8666666666666667 , 83140 , 11 , 0.2
3.9 , 79 , 2 , 0.2
3.9 , 385 , 7 , 0.2
3.9 , 1713 , 12 , 0.2
3.933333333333333 , 2673 , 2 , 0.2
3.933333333333333 , 13027 , 7 , 0.2
3.933333333333333 , 31114 , 12 , 0.2
3.966666666666667 , 1894 , 2 , 0.2
3.966666666666667 , 9130 , 7 , 0.2
3.966666666666667 , 21769 , 12 , 0.2
4.0 , 13237 , 1 , 0.2
4.0 , 55626 , 6 , 0.2
4.0 , 111442 , 11 , 0.2
4.033333333333333 , 1875 , 2 , 0.2
4.033333333333333 , 9014 , 7 , 0.2
4.033333333333333 , 18397 , 12 , 0.2
4.066666666666666 , 2726 , 2 , 0.2
4.066666666666666 , 12850 , 7 , 0.2
4.066666666666666 , 24127 , 12 , 0.2
4.1 , 57 , 2 , 0.2
4.1 , 632 , 7 , 0.2
4.1 , 2305 , 12 , 0.2
4.133333333333333 , 11462 , 1 , 0.2
4.133333333333333 , 38134 , 6 , 0.2
4.133333333333333 , 64902 , 11 , 0.2
4.166666666666667 , 1797 , 2 , 0.2
4.166666666666667 , 9331 , 7 , 0.2
4.166666666666667 , 18914 , 12 , 0.2
4.2 , 3753 , 2 , 0.2
4.2 , 15591 , 7 , 0.2
4.2 , 30691 , 12 , 0.2
4.233333333333333 , 1835 , 2 , 0.2
4.233333333333333 , 8759 , 7 , 0.2
4.233333333333333 , 18033 , 12 , 0.2
4.266666666666667 , 13201 , 1 , 0.2
4.266666666666667 , 41750 , 6 , 0.2
4.266666666666667 , 76469 , 11 , 0.2
4.3 , 86 , 2 , 0.2
4.3 , 455 , 7 , 0.2
4.3 , 2023 , 12 , 0.2
4.333333333333333 , 2269 , 2 , 0.2
4.333333333333333 , 12156 , 7 , 0.2
4.333333333333333 , 25300 , 12 , 0.2
4.366666666666666 , 1713 , 2 , 0.2
4.366666666666666 , 8513 , 7 , 0.2
4.366666666666666 , 18289 , 12 , 0.2
4.4 , 11113 , 1 , 0.2
4.4 , 36388 , 6 , 0.2
4.4 , 64267 , 11 , 0.2
4.433333333333334 , 1684 , 2 , 0.2
4.433333333333334 , 8776 , 7 , 0.2
4.433333333333334 , 20211 , 12 , 0.2
4.466666666666667 , 2755 , 2 , 0.2
4.466666666666667 , 12247 , 7 , 0.2
4.466666666666667 , 24453 , 12 , 0.2
4.5 , 58 , 2 , 0.2
4.5 , 379 , 7 , 0.2
4.5 , 1650 , 12 , 0.2
4.533333333333333 , 12553 , 1 , 0.2
4.533333333333333 , 42266 , 6 , 0.2
4.533333333333333 , 74257 , 11 , 0.2
4.566666666666666 , 1759 , 2 , 0.2
4.566666666666666 , 9497 , 7 , 0.2
4.566666666666666 , 20539 , 12 , 0.2
4.6 , 4064 , 2 , 0.2
4.6 , 17592 , 7 , 0.2
4.6 , 38843 , 12 , 0.2
4.633333333333333 , 2311 , 2 , 0.2
4.633333333333333 , 11836 , 7 , 0.2
4.633333333333333 , 29357 , 12 , 0.2
4.666666666666667 , 17787 , 0 , 0.2
4.666666666666667 , 52701 , 5 , 0.2
4.666666666666667 , 96020 , 10 , 0.2
4.7 , 106 , 2 , 0.2
4.7 , 491 , 7 , 0.2
4.7 , 2113 , 12 , 0.2
4.733333333333333 , 3503 , 2 , 0.2
4.733333333333333 , 16888 , 7 , 0.2
4.733333333333333 , 35688 , 12 , 0.2
4.766666666666667 , 2551 , 2 , 0.2
4.766666666666667 , 11812 , 7 , 0.2
4.766666666666667 , 24017 , 12 , 0.2
4.8 , 13414 , 1 , 0.2
4.8 , 44335 , 6 , 0.2
4.8 , 87959 , 11 , 0.2
4.833333333333333 , 2660 , 2 , 0.2
4.833333333333333 , 13067 , 7 , 0.2
4.833333333333333 , 30646 , 12 , 0.2
4.866666666666666 , 3840 , 2 , 0.2
4.866666666666666 , 15468 , 7 , 0.2
4.866666666666666 , 28132 , 12 , 0.2
4.9 , 44 , 2 , 0.2
4.9 , 399 , 7 , 0.2
4.9 , 2047 , 12 , 0.2
4.933333333333334 , 14232 , 1 , 0.2
4.933333333333334 , 44989 , 6 , 0.2
4.933333333333334 , 83103 , 11 , 0.2
4.966666666666667 , 2428 , 2 , 0.2
4.966666666666667 , 12337 , 7 , 0.2
4.966666666666667 , 24638 , 12 , 0.2
5.0 , 5435 , 2 , 0.2
5.0 , 24355 , 7 , 0.2
5.0 , 49343 , 12 , 0.2
5.033333333333333 , 2866 , 2 , 0.2
5.033333333333333 , 12741 , 7 , 0.2
5.033333333333333 , 22890 , 12 , 0.2
5.066666666666666 , 15706 , 1 , 0.2
5.066666666666666 , 51114 , 6 , 0.2
5.066666666666666 , 106621 , 11 , 0.2
5.1 , 135 , 2 , 0.2
5.1 , 1130 , 7 , 0.2
5.1 , 3354 , 12 , 0.2
5.133333333333333 , 4688 , 2 , 0.2
5.133333333333333 , 19042 , 7 , 0.2
5.133333333333333 , 40296 , 12 , 0.2
5.166666666666667 , 3283 , 2 , 0.2
5.166666666666667 , 13067 , 7 , 0.2
5.166666666666667 , 23840 , 12 , 0.2
5.2 , 14790 , 1 , 0.2
5.2 , 44352 , 6 , 0.2
5.2 , 86209 , 11 , 0.2
5.233333333333333 , 2676 , 2 , 0.2
5.233333333333333 , 11549 , 7 , 0.2
5.233333333333333 , 21850 , 12 , 0.2
5.266666666666667 , 4319 , 2 , 0.2
5.266666666666667 , 16358 , 7 , 0.2
5.266666666666667 , 34783 , 12 , 0.2
5.3 , 48 , 2 , 0.2
5.3 , 427 , 7 , 0.2
5.3 , 1551 , 12 , 0.2
5.333333333333333 , 13501 , 1 , 0.2
5.333333333333333 , 41914 , 6 , 0.2
5.333333333333333 , 82006 , 11 , 0.2
5.366666666666666 , 2775 , 2 , 0.2
5.366666666666666 , 11775 , 7 , 0.2
5.366666666666666 , 21835 , 12 , 0.2
5.4 , 5099 , 2 , 0.2
5.4 , 18348 , 7 , 0.2
5.4 , 37678 , 12 , 0.2
5.433333333333334 , 2834 , 2 , 0.2
5.433333333333334 , 11471 , 7 , 0.2
5.433333333333334 , 21608 , 12 , 0.2
5.466666666666667 , 14130 , 1 , 0.2
5.466666666666667 , 41191 , 6 , 0.2
5.466666666666667 , 79919 , 11 , 0.2
5.5 , 179 , 2 , 0.2
5.5 , 1143 , 7 , 0.2
5.5 , 3348 , 12 , 0.2
5.533333333333333 , 4587 , 2 , 0.2
5.533333333333333 , 16684 , 7 , 0.2
5.533333333333333 , 33350 , 12 , 0.2
5.566666666666666 , 3708 , 2 , 0.2
5.566666666666666 , 13545 , 7 , 0.2
5.566666666666666 , 23709 , 12 , 0.2
5.6 , 17979 , 0 , 0.2
5.6 , 48612 , 5 , 0.2
5.6 , 86812 , 10 , 0.2
5.633333333333333 , 3308 , 2 , 0.2
5.633333333333333 , 12512 , 7 , 0.2
5.633333333333333 , 23364 , 12 , 0.2
5.666666666666667 , 4533 , 2 , 0.2
5.666666666666667 , 16618 , 7 , 0.2
5.666666666666667 , 34346 , 12 , 0.2
5.7 , 31 , 2 , 0.2
5.7 , 333 , 7 , 0.2
5.7 , 1170 , 12 , 0.2
5.733333333333333 , 14104 , 1 , 0.2
5.733333333333333 , 41838 , 6 , 0.2
5.733333333333333 , 80132 , 11 , 0.2
5.766666666666667 , 3154 , 2 , 0.2
5.766666666666667 , 11640 , 7 , 0.2
5.766666666666667 , 22468 , 12 , 0.2
5.8 , 5787 , 2 , 0.2
5.8 , 18421 , 7 , 0.2
5.8 , 38812 , 12 , 0.2
5.833333333333333 , 3096 , 2 , 0.2
5.833333333333333 , 11861 , 7 , 0.2
5.833333333333333 , 25132 , 12 , 0.2
5.866666666666666 , 13944 , 1 , 0.2
5.866666666666666 , 42431 , 6 , 0.2
5.866666666666666 , 84286 , 11 , 0.2
5.9 , 141 , 2 , 0.2
5.9 , 625 , 7 , 0.2
5.9 , 2391 , 12 , 0.2
5.933333333333334 , 4493 , 2 , 0.2
5.933333333333334 , 17411 , 7 , 0.2
5.933333333333334 , 36785 , 12 , 0.2
5.966666666666667 , 3027 , 2 , 0.2
5.966666666666667 , 11629 , 7 , 0.2
5.966666666666667 , 24505 , 12 , 0.2
6.0 , 14826 , 1 , 0.2
6.0 , 51610 , 6 , 0.2
6.0 , 95995 , 11 , 0.2
6.033333333333333 , 2486 , 2 , 0.2
6.033333333333333 , 10699 , 7 , 0.2
6.033333333333333 , 19070 , 12 , 0.2
6.066666666666666 , 3737 , 2 , 0.2
6.066666666666666 , 14548 , 7 , 0.2
6.066666666666666 , 23542 , 12 , 0.2
6.1 , 66 , 2 , 0.2
6.1 , 1134 , 7 , 0.2
6.1 , 2857 , 12 , 0.2
6.133333333333333 , 12754 , 1 , 0.2
6.133333333333333 , 34832 , 6 , 0.2
6.133333333333333 , 54465 , 11 , 0.2
6.166666666666667 , 2465 , 2 , 0.2
6.166666666666667 , 11001 , 7 , 0.2
6.166666666666667 , 19608 , 12 , 0.2
6.2 , 4736 , 2 , 0.2
6.2 , 16838 , 7 , 0.2
6.2 , 29586 , 12 , 0.2
6.233333333333333 , 2525 , 2 , 0.2
6.233333333333333 , 10614 , 7 , 0.2
6.233333333333333 , 19266 , 12 , 0.2
6.266666666666667 , 14195 , 1 , 0.2
6.266666666666667 , 39429 , 6 , 0.2
6.266666666666667 , 65414 , 11 , 0.2
6.3 , 128 , 2 , 0.2
6.3 , 761 , 7 , 0.2
6.3 , 2017 , 12 , 0.2
6.333333333333333 , 3529 , 2 , 0.2
6.333333333333333 , 14814 , 7 , 0.2
6.333333333333333 , 27506 , 12 , 0.2
6.366666666666666 , 2730 , 2 , 0.2
6.366666666666666 , 11255 , 7 , 0.2
6.366666666666666 , 20004 , 12 , 0.2
6.4 , 13909 , 1 , 0.2
6.4 , 39036 , 6 , 0.2
6.4 , 65863 , 11 , 0.2
6.433333333333334 , 2665 , 2 , 0.2
6.433333333333334 , 11549 , 7 , 0.2
6.433333333333334 , 20378 , 12 , 0.2
6.466666666666667 , 4435 , 2 , 0.2
6.466666666666667 , 15677 , 7 , 0.2
6.466666666666667 , 26875 , 12 , 0.2
6.5 , 97 , 2 , 0.2
6.5 , 1482 , 7 , 0.2
6.5 , 3724 , 12 , 0.2
6.533333333333333 , 17212 , 0 , 0.2
6.533333333333333 , 46744 , 5 , 0.2
6.533333333333333 , 84805 , 10 , 0.2
6.566666666666666 , 2833 , 2 , 0.2
6.566666666666666 , 11959 , 7 , 0.2
6.566666666666666 , 21339 , 12 , 0.2
6.6 , 5454 , 2 , 0.2
6.6 , 18211 , 7 , 0.2
6.6 , 32554 , 12 , 0.2
6.633333333333333 , 3114 , 2 , 0.2
6.633333333333333 , 12347 , 7 , 0.2
6.633333333333333 , 22358 , 12 , 0.2
6.666666666666667 , 14379 , 1 , 0.2
6.666666666666667 , 40847 , 6 , 0.2
6.666666666666667 , 69340 , 11 , 0.2
6.7 , 75 , 2 , 0.2
6.7 , 649 , 7 , 0.2
6.7 , 1830 , 12 , 0.2
6.733333333333333 , 4343 , 2 , 0.2
6.733333333333333 , 16661 , 7 , 0.2
6.733333333333333 , 30837 , 12 , 0.2
6.766666666666667 , 2872 , 2 , 0.2
6.766666666666667 , 11863 , 7 , 0.2
6.766666666666667 , 21578 , 12 , 0.2
6.8 , 14248 , 1 , 0.2
6.8 , 40481 , 6 , 0.2
6.8 , 67223 , 11 , 0.2
6.833333333333333 , 3232 , 2 , 0.2
6.833333333333333 , 13687 , 7 , 0.2
6.833333333333333 , 26072 , 12 , 0.2
6.866666666666666 , 4672 , 2 , 0.2
6.866666666666666 , 16907 , 7 , 0.2
6.866666666666666 , 29847 , 12 , 0.2
6.8999999999999995 , 56 , 2 , 0.2
6.8999999999999995 , 659 , 7 , 0.2
6.8999999999999995 , 2424 , 12 , 0.2
6.933333333333334 , 15826 , 1 , 0.2
6.933333333333334 , 46991 , 6 , 0.2
6.933333333333334 , 81256 , 11 , 0.2
6.966666666666667 , 3169 , 2 , 0.2
6.966666666666667 , 13245 , 7 , 0.2
6.966666666666667 , 23114 , 12 , 0.2
7.0 , 6596 , 2 , 0.2
7.0 , 26757 , 7 , 0.2
7.0 , 53180 , 12 , 0.2
7.033333333333333 , 3313 , 2 , 0.2
7.033333333333333 , 12991 , 7 , 0.2
7.033333333333333 , 21953 , 12 , 0.2
7.066666666666666 , 16038 , 1 , 0.2
7.066666666666666 , 51576 , 6 , 0.2
7.066666666666666 , 105440 , 11 , 0.2
7.1 , 129 , 2 , 0.2
7.1 , 1277 , 7 , 0.2
7.1 , 3157 , 12 , 0.2
7.133333333333333 , 4650 , 2 , 0.2
7.133333333333333 , 18572 , 7 , 0.2
7.133333333333333 , 37910 , 12 , 0.2
7.166666666666667 , 3333 , 2 , 0.2
7.166666666666667 , 13585 , 7 , 0.2
7.166666666666667 , 23959 , 12 , 0.2
7.2 , 13816 , 1 , 0.2
7.2 , 41946 , 6 , 0.2
7.2 , 80396 , 11 , 0.2
7.233333333333333 , 3556 , 2 , 0.2
7.233333333333333 , 12895 , 7 , 0.2
7.233333333333333 , 23683 , 12 , 0.2
7.266666666666667 , 4892 , 2 , 0.2
7.266666666666667 , 17569 , 7 , 0.2
7.266666666666667 , 36049 , 12 , 0.2
7.3 , 48 , 2 , 0.2
7.3 , 458 , 7 , 0.2
7.3 , 1340 , 12 , 0.2
7.333333333333333 , 13676 , 1 , 0.2
7.333333333333333 , 42612 , 6 , 0.2
7.333333333333333 , 83314 , 11 , 0.2
7.366666666666666 , 3045 , 2 , 0.2
7.366666666666666 , 12882 , 7 , 0.2
7.366666666666666 , 23673 , 12 , 0.2
7.3999999999999995 , 5612 , 2 , 0.2
7.3999999999999995 , 19984 , 7 , 0.2
7.3999999999999995 , 42341 , 12 , 0.2
7.433333333333334 , 3254 , 2 , 0.2
7.433333333333334 , 13568 , 7 , 0.2
7.433333333333334 , 28263 , 12 , 0.2
7.466666666666667 , 16506 , 0 , 0.2
7.466666666666667 , 47175 , 5 , 0.2
7.466666666666667 , 88041 , 10 , 0.2
7.5 , 133 , 2 , 0.2
7.5 , 802 , 7 , 0.2
7.5 , 3294 , 12 , 0.2
7.533333333333333 , 4152 , 2 , 0.2
7.533333333333333 , 17960 , 7 , 0.2
7.533333333333333 , 36979 , 12 , 0.2
7.566666666666666 , 2882 , 2 , 0.2
7.566666666666666 , 12592 , 7 , 0.2
7.566666666666666 , 26170 , 12 , 0.2
7.6 , 13485 , 1 , 0.2
7.6 , 42547 , 6 , 0.2
7.6 , 83603 , 11 , 0.2
7.633333333333333 , 3198 , 2 , 0.2
7.633333333333333 , 13833 , 7 , 0.2
7.633333333333333 , 31268 , 12 , 0.2
7.666666666666667 , 4640 , 2 , 0.2
7.666666666666667 , 17061 , 7 , 0.2
7.666666666666667 , 33801 , 12 , 0.2
7.7 , 49 , 2 , 0.2
7.7 , 695 , 7 , 0.2
7.7 , 2799 , 12 , 0.2
7.733333333333333 , 13963 , 1 , 0.2
7.733333333333333 , 41631 , 6 , 0.2
7.733333333333333 , 76913 , 11 , 0.2
7.766666666666667 , 2957 , 2 , 0.2
7.766666666666667 , 11973 , 7 , 0.2
7.766666666666667 , 24659 , 12 , 0.2
7.8 , 4842 , 2 , 0.2
7.8 , 16996 , 7 , 0.2
7.8 , 37329 , 12 , 0.2
7.833333333333333 , 2907 , 2 , 0.2
7.833333333333333 , 12315 , 7 , 0.2
7.833333333333333 , 28526 , 12 , 0.2
7.866666666666666 , 13358 , 1 , 0.2
7.866666666666666 , 38706 , 6 , 0.2
7.866666666666666 , 76873 , 11 , 0.2
7.8999999999999995 , 148 , 2 , 0.2
7.8999999999999995 , 866 , 7 , 0.2
7.8999999999999995 , 3039 , 12 , 0.2
7.933333333333334 , 4214 , 2 , 0.2
7.933333333333334 , 16383 , 7 , 0.2
7.933333333333334 , 35589 , 12 , 0.2
7.966666666666667 , 3174 , 2 , 0.2
7.966666666666667 , 11944 , 7 , 0.2
7.966666666666667 , 25248 , 12 , 0.2
8.0 , 13630 , 1 , 0.2
8.0 , 45313 , 6 , 0.2
8.0 , 82398 , 11 , 0.2
8.033333333333333 , 2505 , 2 , 0.2
8.033333333333333 , 10934 , 7 , 0.2
8.033333333333333 , 19685 , 12 , 0.2
8.066666666666666 , 3671 , 2 , 0.2
8.066666666666666 , 14386 , 7 , 0.2
8.066666666666666 , 23766 , 12 , 0.2
8.1 , 91 , 2 , 0.2
8.1 , 1753 , 7 , 0.2
8.1 , 3892 , 12 , 0.2
8.133333333333333 , 12436 , 1 , 0.2
8.133333333333333 , 33489 , 6 , 0.2
8.133333333333333 , 53971 , 11 , 0.2
8.166666666666666 , 2971 , 2 , 0.2
8.166666666666666 , 12134 , 7 , 0.2
8.166666666666666 , 22510 , 12 , 0.2
8.2 , 5244 , 2 , 0.2
8.2 , 18070 , 7 , 0.2
8.2 , 32977 , 12 , 0.2
8.233333333333333 , 3293 , 2 , 0.2
8.233333333333333 , 13242 , 7 , 0.2
8.233333333333333 , 24578 , 12 , 0.2
8.266666666666666 , 14255 , 1 , 0.2
8.266666666666666 , 38854 , 6 , 0.2
8.266666666666666 , 65894 , 11 , 0.2
8.3 , 95 , 2 , 0.2
8.3 , 731 , 7 , 0.2
8.3 , 2208 , 12 , 0.2
8.333333333333334 , 4633 , 2 , 0.2
8.333333333333334 , 18487 , 7 , 0.2
8.333333333333334 , 33871 , 12 , 0.2
8.366666666666667 , 3580 , 2 , 0.2
8.366666666666667 , 14506 , 7 , 0.2
8.366666666666667 , 26060 , 12 , 0.2
8.4 , 17244 , 0 , 0.2
8.4 , 46851 , 5 , 0.2
8.4 , 81775 , 10 , 0.2
8.433333333333334 , 4828 , 2 , 0.2
8.433333333333334 , 18081 , 7 , 0.2
8.433333333333334 , 31733 , 12 , 0.2
8.466666666666667 , 7156 , 2 , 0.2
8.466666666666667 , 22571 , 7 , 0.2
8.466666666666667 , 36668 , 12 , 0.2
8.5 , 61 , 2 , 0.2
8.5 , 1387 , 7 , 0.2
8.5 , 3177 , 12 , 0.2
8.533333333333333 , 16558 , 1 , 0.2
8.533333333333333 , 43229 , 6 , 0.2
8.533333333333333 , 71769 , 11 , 0.2
8.566666666666666 , 4644 , 2 , 0.2
8.566666666666666 , 16892 , 7 , 0.2
8.566666666666666 , 30287 , 12 , 0.2
8.6 , 6871 , 2 , 0.2
8.6 , 21137 , 7 , 0.2
8.6 , 38108 , 12 , 0.2
8.633333333333333 , 4196 , 2 , 0.2
8.633333333333333 , 15440 , 7 , 0.2
8.633333333333333 , 27188 , 12 , 0.2
8.666666666666666 , 14942 , 1 , 0.2
8.666666666666666 , 40277 , 6 , 0.2
8.666666666666666 , 67549 , 11 , 0.2
8.7 , 78 , 2 , 0.2
8.7 , 720 , 7 , 0.2
8.7 , 2050 , 12 , 0.2
8.733333333333333 , 5425 , 2 , 0.2
8.733333333333333 , 19533 , 7 , 0.2
8.733333333333333 , 34866 , 12 , 0.2
8.766666666666666 , 3963 , 2 , 0.2
8.766666666666666 , 14716 , 7 , 0.2
8.766666666666666 , 25966 , 12 , 0.2
8.8 , 14196 , 1 , 0.2
8.8 , 37442 , 6 , 0.2
8.8 , 62950 , 11 , 0.2
8.833333333333334 , 3575 , 2 , 0.2
8.833333333333334 , 13296 , 7 , 0.2
8.833333333333334 , 23942 , 12 , 0.2
8.866666666666667 , 4565 , 2 , 0.2
8.866666666666667 , 15641 , 7 , 0.2
8.866666666666667 , 26259 , 12 , 0.2
8.9 , 110 , 2 , 0.2
8.9 , 1656 , 7 , 0.2
8.9 , 3967 , 12 , 0.2
8.933333333333334 , 12920 , 1 , 0.2
8.933333333333334 , 34590 , 6 , 0.2
8.933333333333334 , 57577 , 11 , 0.2
8.966666666666667 , 3312 , 2 , 0.2
8.966666666666667 , 13103 , 7 , 0.2
8.966666666666667 , 22780 , 12 , 0.2
9.0 , 6243 , 2 , 0.2
9.0 , 20933 , 7 , 0.2
9.0 , 40318 , 12 , 0.2
9.033333333333333 , 3658 , 2 , 0.2
9.033333333333333 , 12868 , 7 , 0.2
9.033333333333333 , 22884 , 12 , 0.2
9.066666666666666 , 13560 , 1 , 0.2
9.066666666666666 , 40586 , 6 , 0.2
9.066666666666666 , 81128 , 11 , 0.2
9.1 , 155 , 2 , 0.2
9.1 , 1586 , 7 , 0.2
9.1 , 3606 , 12 , 0.2
9.133333333333333 , 4204 , 2 , 0.2
9.133333333333333 , 14155 , 7 , 0.2
9.133333333333333 , 28520 , 12 , 0.2
9.166666666666666 , 2756 , 2 , 0.2
9.166666666666666 , 10362 , 7 , 0.2
9.166666666666666 , 19451 , 12 , 0.2
9.2 , 11026 , 1 , 0.2
9.2 , 32176 , 6 , 0.2
9.2 , 60036 , 11 , 0.2
9.233333333333333 , 2750 , 2 , 0.2
9.233333333333333 , 9775 , 7 , 0.2
9.233333333333333 , 18709 , 12 , 0.2
9.266666666666666 , 4136 , 2 , 0.2
9.266666666666666 , 13515 , 7 , 0.2
9.266666666666666 , 27631 , 12 , 0.2
9.3 , 73 , 2 , 0.2
9.3 , 531 , 7 , 0.2
9.3 , 1601 , 12 , 0.2
9.333333333333334 , 13764 , 0 , 0.2
9.333333333333334 , 36089 , 5 , 0.2
9.333333333333334 , 64409 , 10 , 0.2
9.366666666666667 , 2724 , 2 , 0.2
9.366666666666667 , 9503 , 7 , 0.2
9.366666666666667 , 17953 , 12 , 0.2
9.4 , 5828 , 2 , 0.2
9.4 , 16308 , 7 , 0.2
9.4 , 34391 , 12 , 0.2
9.433333333333334 , 3806 , 2 , 0.2
9.433333333333334 , 12344 , 7 , 0.2
9.433333333333334 , 26232 , 12 , 0.2
9.466666666666667 , 14782 , 1 , 0.2
9.466666666666667 , 38398 , 6 , 0.2
9.466666666666667 , 74930 , 11 , 0.2
9.5 , 64 , 2 , 0.2
9.5 , 700 , 7 , 0.2
9.5 , 2207 , 12 , 0.2
9.533333333333333 , 5077 , 2 , 0.2
9.533333333333333 , 16011 , 7 , 0.2
9.533333333333333 , 35605 , 12 , 0.2
9.566666666666666 , 3352 , 2 , 0.2
9.566666666666666 , 11848 , 7 , 0.2
9.566666666666666 , 24649 , 12 , 0.2
9.6 , 13685 , 1 , 0.2
9.6 , 37248 , 6 , 0.2
9.6 , 74446 , 11 , 0.2
9.633333333333333 , 3495 , 2 , 0.2
9.633333333333333 , 12745 , 7 , 0.2
9.633333333333333 , 29032 , 12 , 0.2
9.666666666666666 , 4857 , 2 , 0.2
9.666666666666666 , 14377 , 7 , 0.2
9.666666666666666 , 25334 , 12 , 0.2
9.7 , 26 , 2 , 0.2
9.7 , 352 , 7 , 0.2
9.7 , 1271 , 12 , 0.2
9.733333333333333 , 15264 , 1 , 0.2
9.733333333333333 , 39563 , 6 , 0.2
9.733333333333333 , 73441 , 11 , 0.2
9.766666666666666 , 2860 , 2 , 0.2
9.766666666666666 , 10864 , 7 , 0.2
9.766666666666666 , 20568 , 12 , 0.2
9.8 , 5888 , 2 , 0.2
9.8 , 17946 , 7 , 0.2
9.8 , 38414 , 12 , 0.2
9.833333333333334 , 3071 , 2 , 0.2
9.833333333333334 , 12210 , 7 , 0.2
9.833333333333334 , 28388 , 12 , 0.2
9.866666666666667 , 15743 , 1 , 0.2
9.866666666666667 , 43903 , 6 , 0.2
9.866666666666667 , 83800 , 11 , 0.2
9.9 , 125 , 2 , 0.2
9.9 , 772 , 7 , 0.2
9.9 , 2736 , 12 , 0.2
9.933333333333334 , 4473 , 2 , 0.2
9.933333333333334 , 16656 , 7 , 0.2
9.933333333333334 , 35791 , 12 , 0.2
9.966666666666667 , 2992 , 2 , 0.2
9.966666666666667 , 11097 , 7 , 0.2
9.966666666666667 , 20493 , 12 , 0.2
10.0 , 14204 , 1 , 0.2
10.0 , 43816 , 6 , 0.2
10.0 , 79232 , 11 , 0.2
10.033333333333333 , 2414 , 2 , 0.2
10.033333333333333 , 8909 , 7 , 0.2
10.033333333333333 , 14549 , 12 , 0.2
10.066666666666666 , 3564 , 2 , 0.2
10.066666666666666 , 11495 , 7 , 0.2
10.066666666666666 , 18356 , 12 , 0.2
10.1 , 88 , 2 , 0.2
10.1 , 1161 , 7 , 0.2
10.1 , 2712 , 12 , 0.2
10.133333333333333 , 10293 , 1 , 0.2
10.133333333333333 , 26514 , 6 , 0.2
10.133333333333333 , 42561 , 11 , 0.2
10.166666666666666 , 1833 , 2 , 0.2
10.166666666666666 , 7230 , 7 , 0.2
10.166666666666666 , 13927 , 12 , 0.2
10.2 , 3574 , 2 , 0.2
10.2 , 11583 , 7 , 0.2
10.2 , 21604 , 12 , 0.2
10.233333333333333 , 2208 , 2 , 0.2
10.233333333333333 , 8419 , 7 , 0.2
10.233333333333333 , 16436 , 12 , 0.2
10.266666666666666 , 13647 , 0 , 0.2
10.266666666666666 , 36326 , 5 , 0.2
10.266666666666666 , 62012 , 10 , 0.2
10.3 , 93 , 2 , 0.2
10.3 , 680 , 7 , 0.2
10.3 , 1725 , 12 , 0.2
10.333333333333334 , 3231 , 2 , 0.2
10.333333333333334 , 11779 , 7 , 0.2
10.333333333333334 , 22292 , 12 , 0.2
10.366666666666667 , 2374 , 2 , 0.2
10.366666666666667 , 8680 , 7 , 0.2
10.366666666666667 , 17183 , 12 , 0.2
10.4 , 10595 , 1 , 0.2
10.4 , 27965 , 6 , 0.2
10.4 , 44165 , 11 , 0.2
10.433333333333334 , 1953 , 2 , 0.2
10.433333333333334 , 7726 , 7 , 0.2
10.433333333333334 , 14240 , 12 , 0.2
10.466666666666667 , 2387 , 2 , 0.2
10.466666666666667 , 8358 , 7 , 0.2
10.466666666666667 , 14225 , 12 , 0.2
10.5 , 69 , 2 , 0.2
10.5 , 671 , 7 , 0.2
10.5 , 1972 , 12 , 0.2
10.533333333333333 , 10259 , 1 , 0.2
10.533333333333333 , 27746 , 6 , 0.2
10.533333333333333 , 45057 , 11 , 0.2
10.566666666666666 , 1355 , 2 , 0.2
10.566666666666666 , 5178 , 7 , 0.2
10.566666666666666 , 10985 , 12 , 0.2
10.6 , 2349 , 2 , 0.2
10.6 , 7724 , 7 , 0.2
10.6 , 14936 , 12 , 0.2
10.633333333333333 , 1224 , 2 , 0.2
10.633333333333333 , 4540 , 7 , 0.2
10.633333333333333 , 10106 , 12 , 0.2
10.666666666666666 , 9244 , 1 , 0.2
10.666666666666666 , 24820 , 6 , 0.2
10.666666666666666 , 41180 , 11 , 0.2
10.7 , 66 , 2 , 0.2
10.7 , 526 , 7 , 0.2
10.7 , 1596 , 12 , 0.2
10.733333333333333 , 1651 , 2 , 0.2
10.733333333333333 , 6080 , 7 , 0.2
10.733333333333333 , 13517 , 12 , 0.2
10.766666666666666 , 1120 , 2 , 0.2
10.766666666666666 , 4307 , 7 , 0.2
10.766666666666666 , 9245 , 12 , 0.2
10.8 , 7797 , 1 , 0.2
10.8 , 21488 , 6 , 0.2
10.8 , 35933 , 11 , 0.2
10.833333333333334 , 1225 , 2 , 0.2
10.833333333333334 , 4664 , 7 , 0.2
10.833333333333334 , 11778 , 12 , 0.2
10.866666666666667 , 1505 , 2 , 0.2
10.866666666666667 , 5586 , 7 , 0.2
10.866666666666667 , 13096 , 12 , 0.2
10.9 , 42 , 2 , 0.2
10.9 , 348 , 7 , 0.2
10.9 , 1597 , 12 , 0.2
10.933333333333334 , 7545 , 1 , 0.2
10.933333333333334 , 20440 , 6 , 0.2
10.933333333333334 , 35196 , 11 , 0.2
10.966666666666667 , 1136 , 2 , 0.2
10.966666666666667 , 4111 , 7 , 0.2
10.966666666666667 , 10158 , 12 , 0.2
11.0 , 2013 , 2 , 0.2
11.0 , 7386 , 7 , 0.2
11.0 , 21192 , 12 , 0.2
11.033333333333333 , 1020 , 2 , 0.2
11.033333333333333 , 3758 , 7 , 0.2
11.033333333333333 , 9271 , 12 , 0.2
11.066666666666666 , 9683 , 1 , 0.2
11.066666666666666 , 34643 , 6 , 0.2
11.066666666666666 , 80460 , 11 , 0.2
11.1 , 43 , 2 , 0.2
11.1 , 498 , 7 , 0.2
11.1 , 1791 , 12 , 0.2
11.133333333333333 , 1690 , 2 , 0.2
11.133333333333333 , 6589 , 7 , 0.2
11.133333333333333 , 16452 , 12 , 0.2
11.166666666666666 , 1179 , 2 , 0.2
11.166666666666666 , 4668 , 7 , 0.2
11.166666666666666 , 11358 , 12 , 0.2
11.2 , 16500 , 0 , 0.2
11.2 , 43497 , 5 , 0.2
11.2 , 73435 , 10 , 0.2
11.233333333333333 , 1212 , 2 , 0.2
11.233333333333333 , 4655 , 7 , 0.2
11.233333333333333 , 12668 , 12 , 0.2
11.266666666666666 , 1595 , 2 , 0.2
11.266666666666666 , 5776 , 7 , 0.2
11.266666666666666 , 12146 , 12 , 0.2
11.3 , 59 , 2 , 0.2
11.3 , 432 , 7 , 0.2
11.3 , 1591 , 12 , 0.2
11.333333333333334 , 8300 , 1 , 0.2
11.333333333333334 , 25723 , 6 , 0.2
11.333333333333334 , 47015 , 11 , 0.2
11.366666666666667 , 1452 , 2 , 0.2
11.366666666666667 , 5458 , 7 , 0.2
11.366666666666667 , 12951 , 12 , 0.2
11.4 , 2527 , 2 , 0.2
11.4 , 8311 , 7 , 0.2
11.4 , 20844 , 12 , 0.2
11.433333333333334 , 1312 , 2 , 0.2
11.433333333333334 , 5225 , 7 , 0.2
11.433333333333334 , 14349 , 12 , 0.2
11.466666666666667 , 10682 , 1 , 0.2
11.466666666666667 , 31546 , 6 , 0.2
11.466666666666667 , 62628 , 11 , 0.2
11.5 , 93 , 2 , 0.2
11.5 , 527 , 7 , 0.2
11.5 , 2069 , 12 , 0.2
11.533333333333333 , 1825 , 2 , 0.2
11.533333333333333 , 6533 , 7 , 0.2
11.533333333333333 , 16552 , 12 , 0.2
11.566666666666666 , 1332 , 2 , 0.2
11.566666666666666 , 5059 , 7 , 0.2
11.566666666666666 , 12138 , 12 , 0.2
11.6 , 9479 , 1 , 0.2
11.6 , 29051 , 6 , 0.2
11.6 , 60578 , 11 , 0.2
11.633333333333333 , 1543 , 2 , 0.2
11.633333333333333 , 5559 , 7 , 0.2
11.633333333333333 , 14572 , 12 , 0.2
11.666666666666666 , 2054 , 2 , 0.2
11.666666666666666 , 7158 , 7 , 0.2
11.666666666666666 , 14503 , 12 , 0.2
11.7 , 52 , 2 , 0.2
11.7 , 471 , 7 , 0.2
11.7 , 2339 , 12 , 0.2
11.733333333333333 , 9229 , 1 , 0.2
11.733333333333333 , 27711 , 6 , 0.2
11.733333333333333 , 52497 , 11 , 0.2
11.766666666666666 , 1398 , 2 , 0.2
11.766666666666666 , 4727 , 7 , 0.2
11.766666666666666 , 11327 , 12 , 0.2
11.8 , 2327 , 2 , 0.2
11.8 , 7551 , 7 , 0.2
11.8 , 17889 , 12 , 0.2
11.833333333333334 , 1377 , 2 , 0.2
11.833333333333334 , 5037 , 7 , 0.2
11.833333333333334 , 9597 , 12 , 0.2
11.866666666666667 , 9500 , 1 , 0.2
11.866666666666667 , 28941 , 6 , 0.2
11.866666666666667 , 56784 , 11 , 0.2
11.9 , 57 , 2 , 0.2
11.9 , 436 , 7 , 0.2
11.9 , 1590 , 12 , 0.2
11.933333333333334 , 1785 , 2 , 0.2
11.933333333333334 , 6499 , 7 , 0.2
11.933333333333334 , 14935 , 12 , 0.2
11.966666666666667 , 1266 , 2 , 0.2
11.966666666666667 , 5348 , 7 , 0.2
11.966666666666667 , 11679 , 12 , 0.2
12.0 , 10555 , 1 , 0.2
12.0 , 47038 , 6 , 0.2
12.0 , 104962 , 11 , 0.2
12.033333333333333 , 1329 , 2 , 0.2
12.033333333333333 , 4685 , 7 , 0.2
12.033333333333333 , 9621 , 12 , 0.2
12.066666666666666 , 1675 , 2 , 0.2
12.066666666666666 , 6334 , 7 , 0.2
12.066666666666666 , 14490 , 12 , 0.2
12.1 , 128 , 2 , 0.2
12.1 , 444 , 7 , 0.2
12.1 , 1373 , 12 , 0.2
12.133333333333333 , 18843 , 0 , 0.2
12.133333333333333 , 53841 , 5 , 0.2
12.133333333333333 , 92022 , 10 , 0.2
12.166666666666666 , 995 , 2 , 0.2
12.166666666666666 , 4030 , 7 , 0.2
12.166666666666666 , 9184 , 12 , 0.2
12.2 , 1908 , 2 , 0.2
12.2 , 6799 , 7 , 0.2
12.2 , 16944 , 12 , 0.2
12.233333333333333 , 1008 , 2 , 0.2
12.233333333333333 , 4113 , 7 , 0.2
12.233333333333333 , 10775 , 12 , 0.2
12.266666666666666 , 7964 , 1 , 0.2
12.266666666666666 , 27110 , 6 , 0.2
12.266666666666666 , 56275 , 11 , 0.2
12.3 , 122 , 2 , 0.2
12.3 , 552 , 7 , 0.2
12.3 , 2222 , 12 , 0.2
12.333333333333334 , 1329 , 2 , 0.2
12.333333333333334 , 5058 , 7 , 0.2
12.333333333333334 , 13667 , 12 , 0.2
12.366666666666667 , 865 , 2 , 0.2
12.366666666666667 , 3658 , 7 , 0.2
12.366666666666667 , 9918 , 12 , 0.2
12.4 , 6434 , 1 , 0.2
12.4 , 21685 , 6 , 0.2
12.4 , 47541 , 11 , 0.2
12.433333333333334 , 854 , 2 , 0.2
12.433333333333334 , 3692 , 7 , 0.2
12.433333333333334 , 10624 , 12 , 0.2
12.466666666666667 , 1184 , 2 , 0.2
12.466666666666667 , 4604 , 7 , 0.2
12.466666666666667 , 10597 , 12 , 0.2
12.5 , 123 , 2 , 0.2
12.5 , 471 , 7 , 0.2
12.5 , 1963 , 12 , 0.2
12.533333333333333 , 6415 , 1 , 0.2
12.533333333333333 , 20740 , 6 , 0.2
12.533333333333333 , 43071 , 11 , 0.2
12.566666666666666 , 906 , 2 , 0.2
12.566666666666666 , 3587 , 7 , 0.2
12.566666666666666 , 9341 , 12 , 0.2
12.6 , 1643 , 2 , 0.2
12.6 , 5956 , 7 , 0.2
12.6 , 15158 , 12 , 0.2
12.633333333333333 , 919 , 2 , 0.2
12.633333333333333 , 3814 , 7 , 0.2
12.633333333333333 , 11252 , 12 , 0.2
12.666666666666666 , 7383 , 1 , 0.2
12.666666666666666 , 23486 , 6 , 0.2
12.666666666666666 , 50015 , 11 , 0.2
12.7 , 122 , 2 , 0.2
12.7 , 607 , 7 , 0.2
12.7 , 2255 , 12 , 0.2
12.733333333333333 , 1149 , 2 , 0.2
12.733333333333333 , 4414 , 7 , 0.2
12.733333333333333 , 12067 , 12 , 0.2
12.766666666666666 , 746 , 2 , 0.2
12.766666666666666 , 3275 , 7 , 0.2
12.766666666666666 , 8773 , 12 , 0.2
12.8 , 5966 , 1 , 0.2
12.8 , 20050 , 6 , 0.2
12.8 , 44631 , 11 , 0.2
12.833333333333334 , 791 , 2 , 0.2
12.833333333333334 , 3344 , 7 , 0.2
12.833333333333334 , 9404 , 12 , 0.2
12.866666666666667 , 1213 , 2 , 0.2
12.866666666666667 , 4393 , 7 , 0.2
12.866666666666667 , 10059 , 12 , 0.2
12.9 , 84 , 2 , 0.2
12.9 , 292 , 7 , 0.2
12.9 , 1412 , 12 , 0.2
12.933333333333334 , 6202 , 1 , 0.2
12.933333333333334 , 20064 , 6 , 0.2
12.933333333333334 , 40966 , 11 , 0.2
12.966666666666667 , 798 , 2 , 0.2
12.966666666666667 , 3501 , 7 , 0.2
12.966666666666667 , 8970 , 12 , 0.2
13.0 , 1686 , 2 , 0.2
13.0 , 6406 , 7 , 0.2
13.0 , 16832 , 12 , 0.2
13.033333333333333 , 866 , 2 , 0.2
13.033333333333333 , 3302 , 7 , 0.2
13.033333333333333 , 7472 , 12 , 0.2
13.066666666666666 , 18905 , 0 , 0.2
13.066666666666666 , 57798 , 5 , 0.2
13.066666666666666 , 99481 , 10 , 0.2
13.1 , 90 , 2 , 0.2
13.1 , 414 , 7 , 0.2
13.1 , 1291 , 12 , 0.2
13.133333333333333 , 1186 , 2 , 0.2
13.133333333333333 , 4226 , 7 , 0.2
13.133333333333333 , 10736 , 12 , 0.2
13.166666666666666 , 780 , 2 , 0.2
13.166666666666666 , 3153 , 7 , 0.2
13.166666666666666 , 7426 , 12 , 0.2
13.2 , 5153 , 1 , 0.2
13.2 , 16682 , 6 , 0.2
13.2 , 36065 , 11 , 0.2
13.233333333333333 , 744 , 2 , 0.2
13.233333333333333 , 2988 , 7 , 0.2
13.233333333333333 , 6929 , 12 , 0.2
13.266666666666666 , 1024 , 2 , 0.2
13.266666666666666 , 3738 , 7 , 0.2
13.266666666666666 , 11139 , 12 , 0.2
13.299999999999999 , 172 , 2 , 0.2
13.299999999999999 , 514 , 7 , 0.2
13.299999999999999 , 1369 , 12 , 0.2
13.333333333333334 , 5155 , 1 , 0.2
13.333333333333334 , 16445 , 6 , 0.2
13.333333333333334 , 36994 , 11 , 0.2
13.366666666666667 , 649 , 2 , 0.2
13.366666666666667 , 2798 , 7 , 0.2
13.366666666666667 , 6790 , 12 , 0.2
13.4 , 1418 , 2 , 0.2
13.4 , 5015 , 7 , 0.2
13.4 , 12883 , 12 , 0.2
13.433333333333334 , 690 , 2 , 0.2
13.433333333333334 , 3265 , 7 , 0.2
13.433333333333334 , 8536 , 12 , 0.2
13.466666666666667 , 6387 , 1 , 0.2
13.466666666666667 , 19814 , 6 , 0.2
13.466666666666667 , 44685 , 11 , 0.2
13.5 , 85 , 2 , 0.2
13.5 , 460 , 7 , 0.2
13.5 , 1819 , 12 , 0.2
13.533333333333333 , 914 , 2 , 0.2
13.533333333333333 , 3723 , 7 , 0.2
13.533333333333333 , 10326 , 12 , 0.2
13.566666666666666 , 601 , 2 , 0.2
13.566666666666666 , 2858 , 7 , 0.2
13.566666666666666 , 7978 , 12 , 0.2
13.6 , 4799 , 1 , 0.2
13.6 , 16073 , 6 , 0.2
13.6 , 36733 , 11 , 0.2
13.633333333333333 , 604 , 2 , 0.2
13.633333333333333 , 2823 , 7 , 0.2
13.633333333333333 , 8428 , 12 , 0.2
13.666666666666666 , 885 , 2 , 0.2
13.666666666666666 , 3758 , 7 , 0.2
13.666666666666666 , 9361 , 12 , 0.2
13.7 , 136 , 2 , 0.2
13.7 , 454 , 7 , 0.2
13.7 , 1485 , 12 , 0.2
13.733333333333333 , 4862 , 1 , 0.2
13.733333333333333 , 15547 , 6 , 0.2
13.733333333333333 , 32851 , 11 , 0.2
13.766666666666666 , 606 , 2 , 0.2
13.766666666666666 , 2809 , 7 , 0.2
13.766666666666666 , 7670 , 12 , 0.2
13.799999999999999 , 1207 , 2 , 0.2
13.799999999999999 , 4713 , 7 , 0.2
13.799999999999999 , 11879 , 12 , 0.2
13.833333333333334 , 584 , 2 , 0.2
13.833333333333334 , 2823 , 7 , 0.2
13.833333333333334 , 7357 , 12 , 0.2
13.866666666666667 , 5965 , 1 , 0.2
13.866666666666667 , 16179 , 6 , 0.2
13.866666666666667 , 30919 , 11 , 0.2
13.9 , 44 , 2 , 0.2
13.9 , 353 , 7 , 0.2
13.9 , 1604 , 12 , 0.2
13.933333333333334 , 2028 , 2 , 0.2
13.933333333333334 , 6229 , 7 , 0.2
13.933333333333334 , 20070 , 12 , 0.2
13.966666666666667 , 917 , 2 , 0.2
13.966666666666667 , 3070 , 7 , 0.2
13.966666666666667 , 9797 , 12 , 0.2
14.0 , 7336 , 0 , 0.2
14.0 , 20360 , 5 , 0.2
14.0 , 30335 , 10 , 0.2
14.033333333333333 , 711 , 2 , 0.2
14.033333333333333 , 2468 , 7 , 0.2
14.033333333333333 , 6336 , 12 , 0.2
14.066666666666666 , 903 , 2 , 0.2
14.066666666666666 , 3430 , 7 , 0.2
14.066666666666666 , 8015 , 12 , 0.2
14.1 , 100 , 2 , 0.2
14.1 , 528 , 7 , 0.2
14.1 , 2297 , 12 , 0.2
14.133333333333333 , 3682 , 1 , 0.2
14.133333333333333 , 10228 , 6 , 0.2
14.133333333333333 , 17422 , 11 , 0.2
14.166666666666666 , 770 , 2 , 0.2
14.166666666666666 , 2786 , 7 , 0.2
14.166666666666666 , 7049 , 12 , 0.2
14.2 , 1232 , 2 , 0.2
14.2 , 3848 , 7 , 0.2
14.2 , 9573 , 12 , 0.2
14.233333333333333 , 681 , 2 , 0.2
14.233333333333333 , 2404 , 7 , 0.2
14.233333333333333 , 6643 , 12 , 0.2
14.266666666666666 , 4067 , 1 , 0.2
14.266666666666666 , 11148 , 6 , 0.2
14.266666666666666 , 20428 , 11 , 0.2
14.299999999999999 , 132 , 2 , 0.2
14.299999999999999 , 528 , 7 , 0.2
14.299999999999999 , 1883 , 12 , 0.2
14.333333333333334 , 786 , 2 , 0.2
14.333333333333334 , 3160 , 7 , 0.2
14.333333333333334 , 9065 , 12 , 0.2
14.366666666666667 , 562 , 2 , 0.2
14.366666666666667 , 2125 , 7 , 0.2
14.366666666666667 , 6089 , 12 , 0.2
14.4 , 3088 , 1 , 0.2
14.4 , 9574 , 6 , 0.2
14.4 , 18920 , 11 , 0.2
14.433333333333334 , 599 , 2 , 0.2
14.433333333333334 , 2174 , 7 , 0.2
14.433333333333334 , 6424 , 12 , 0.2
14.466666666666667 , 708 , 2 , 0.2
14.466666666666667 , 2941 , 7 , 0.2
14.466666666666667 , 8097 , 12 , 0.2
14.5 , 194 , 2 , 0.2
14.5 , 717 , 7 , 0.2
14.5 , 2828 , 12 , 0.2
14.533333333333333 , 3103 , 1 , 0.2
14.533333333333333 , 9845 , 6 , 0.2
14.533333333333333 , 19168 , 11 , 0.2
14.566666666666666 , 460 , 2 , 0.2
14.566666666666666 , 2006 , 7 , 0.2
14.566666666666666 , 6011 , 12 , 0.2
14.6 , 827 , 2 , 0.2
14.6 , 3244 , 7 , 0.2
14.6 , 8911 , 12 , 0.2
14.633333333333333 , 482 , 2 , 0.2
14.633333333333333 , 2108 , 7 , 0.2
14.633333333333333 , 6058 , 12 , 0.2
14.666666666666666 , 3431 , 1 , 0.2
14.666666666666666 , 10996 , 6 , 0.2
14.666666666666666 , 20841 , 11 , 0.2
14.7 , 141 , 2 , 0.2
14.7 , 498 , 7 , 0.2
14.7 , 1826 , 12 , 0.2
14.733333333333333 , 720 , 2 , 0.2
14.733333333333333 , 2998 , 7 , 0.2
14.733333333333333 , 9027 , 12 , 0.2
14.766666666666666 , 475 , 2 , 0.2
14.766666666666666 , 1944 , 7 , 0.2
14.766666666666666 , 6229 , 12 , 0.2
14.799999999999999 , 3120 , 1 , 0.2
14.799999999999999 , 9902 , 6 , 0.2
14.799999999999999 , 19253 , 11 , 0.2
14.833333333333334 , 551 , 2 , 0.2
14.833333333333334 , 2275 , 7 , 0.2
14.833333333333334 , 6703 , 12 , 0.2
14.866666666666667 , 849 , 2 , 0.2
14.866666666666667 , 2989 , 7 , 0.2
14.866666666666667 , 8504 , 12 , 0.2
14.9 , 136 , 2 , 0.2
14.9 , 639 , 7 , 0.2
14.9 , 2823 , 12 , 0.2
14.933333333333334 , 6520 , 0 , 0.2
14.933333333333334 , 18940 , 5 , 0.2
14.933333333333334 , 33723 , 10 , 0.2
14.966666666666667 , 668 , 2 , 0.2
14.966666666666667 , 2495 , 7 , 0.2
14.966666666666667 , 7974 , 12 , 0.2
15.0 , 1155 , 2 , 0.2
15.0 , 4477 , 7 , 0.2
15.0 , 13473 , 12 , 0.2
15.033333333333333 , 678 , 2 , 0.2
15.033333333333333 , 2603 , 7 , 0.2
15.033333333333333 , 7278 , 12 , 0.2
15.066666666666666 , 4581 , 1 , 0.2
15.066666666666666 , 15800 , 6 , 0.2
15.066666666666666 , 37357 , 11 , 0.2
15.1 , 150 , 2 , 0.2
15.1 , 737 , 7 , 0.2
15.1 , 2759 , 12 , 0.2
15.133333333333333 , 839 , 2 , 0.2
15.133333333333333 , 3301 , 7 , 0.2
15.133333333333333 , 9846 , 12 , 0.2
15.166666666666666 , 736 , 2 , 0.2
15.166666666666666 , 2776 , 7 , 0.2
15.166666666666666 , 7770 , 12 , 0.2
15.2 , 3540 , 1 , 0.2
15.2 , 12009 , 6 , 0.2
15.2 , 27305 , 11 , 0.2
15.233333333333333 , 630 , 2 , 0.2
15.233333333333333 , 2489 , 7 , 0.2
15.233333333333333 , 7322 , 12 , 0.2
15.266666666666666 , 936 , 2 , 0.2
15.266666666666666 , 3692 , 7 , 0.2
15.266666666666666 , 11099 , 12 , 0.2
15.299999999999999 , 136 , 2 , 0.2
15.299999999999999 , 464 , 7 , 0.2
15.299999999999999 , 1732 , 12 , 0.2
15.333333333333334 , 3903 , 1 , 0.2
15.333333333333334 , 12542 , 6 , 0.2
15.333333333333334 , 28137 , 11 , 0.2
15.366666666666667 , 657 , 2 , 0.2
15.366666666666667 , 2414 , 7 , 0.2
15.366666666666667 , 7255 , 12 , 0.2
15.4 , 1120 , 2 , 0.2
15.4 , 4370 , 7 , 0.2
15.4 , 12465 , 12 , 0.2
15.433333333333334 , 619 , 2 , 0.2
15.433333333333334 , 2397 , 7 , 0.2
15.433333333333334 , 7298 , 12 , 0.2
15.466666666666667 , 4029 , 1 , 0.2
15.466666666666667 , 12464 , 6 , 0.2
15.466666666666667 , 28928 , 11 , 0.2
15.5 , 167 , 2 , 0.2
15.5 , 768 , 7 , 0.2
15.5 , 3104 , 12 , 0.2
15.533333333333333 , 869 , 2 , 0.2
15.533333333333333 , 3549 , 7 , 0.2
15.533333333333333 , 10644 , 12 , 0.2
15.566666666666666 , 619 , 2 , 0.2
15.566666666666666 , 2461 , 7 , 0.2
15.566666666666666 , 7291 , 12 , 0.2
15.6 , 3463 , 1 , 0.2
15.6 , 11612 , 6 , 0.2
15.6 , 26612 , 11 , 0.2
15.633333333333333 , 576 , 2 , 0.2
15.633333333333333 , 2580 , 7 , 0.2
15.633333333333333 , 7600 , 12 , 0.2
15.666666666666666 , 909 , 2 , 0.2
15.666666666666666 , 3515 , 7 , 0.2
15.666666666666666 , 10980 , 12 , 0.2
15.7 , 84 , 2 , 0.2
15.7 , 270 , 7 , 0.2
15.7 , 1079 , 12 , 0.2
15.733333333333333 , 3904 , 1 , 0.2
15.733333333333333 , 12635 , 6 , 0.2
15.733333333333333 , 28365 , 11 , 0.2
15.766666666666666 , 624 , 2 , 0.2
15.766666666666666 , 2511 , 7 , 0.2
15.766666666666666 , 7579 , 12 , 0.2
15.799999999999999 , 1214 , 2 , 0.2
15.799999999999999 , 4143 , 7 , 0.2
15.799999999999999 , 11743 , 12 , 0.2
15.833333333333334 , 744 , 2 , 0.2
15.833333333333334 , 2593 , 7 , 0.2
15.833333333333334 , 7510 , 12 , 0.2
15.866666666666667 , 6133 , 0 , 0.2
15.866666666666667 , 17563 , 5 , 0.2
15.866666666666667 , 30585 , 10 , 0.2
15.9 , 147 , 2 , 0.2
15.9 , 617 , 7 , 0.2
15.9 , 2814 , 12 , 0.2
15.933333333333334 , 934 , 2 , 0.2
15.933333333333334 , 3554 , 7 , 0.2
15.933333333333334 , 10871 , 12 , 0.2
15.966666666666667 , 604 , 2 , 0.2
15.966666666666667 , 2621 , 7 , 0.2
15.966666666666667 , 8450 , 12 , 0.2
16.0 , 3978 , 1 , 0.2
16.0 , 14146 , 6 , 0.2
16.0 , 33905 , 11 , 0.2
16.03333333333333 , 618 , 2 , 0.2
16.03333333333333 , 2698 , 7 , 0.2
16.03333333333333 , 7851 , 12 , 0.2
16.066666666666666 , 1003 , 2 , 0.2
16.066666666666666 , 3833 , 7 , 0.2
16.066666666666666 , 10510 , 12 , 0.2
16.1 , 64 , 2 , 0.2
16.1 , 424 , 7 , 0.2
16.1 , 1919 , 12 , 0.2
16.133333333333333 , 3874 , 1 , 0.2
16.133333333333333 , 12571 , 6 , 0.2
16.133333333333333 , 24728 , 11 , 0.2
16.166666666666668 , 714 , 2 , 0.2
16.166666666666668 , 2807 , 7 , 0.2
16.166666666666668 , 8188 , 12 , 0.2
16.2 , 1363 , 2 , 0.2
16.2 , 4745 , 7 , 0.2
16.2 , 12807 , 12 , 0.2
16.233333333333334 , 891 , 2 , 0.2
16.233333333333334 , 3218 , 7 , 0.2
16.233333333333334 , 9774 , 12 , 0.2
16.266666666666666 , 4268 , 1 , 0.2
16.266666666666666 , 13168 , 6 , 0.2
16.266666666666666 , 29141 , 11 , 0.2
16.3 , 130 , 2 , 0.2
16.3 , 536 , 7 , 0.2
16.3 , 2191 , 12 , 0.2
16.333333333333332 , 930 , 2 , 0.2
16.333333333333332 , 3591 , 7 , 0.2
16.333333333333332 , 10851 , 12 , 0.2
16.366666666666667 , 716 , 2 , 0.2
16.366666666666667 , 2767 , 7 , 0.2
16.366666666666667 , 8236 , 12 , 0.2
16.4 , 4071 , 1 , 0.2
16.4 , 12799 , 6 , 0.2
16.4 , 28681 , 11 , 0.2
16.433333333333334 , 816 , 2 , 0.2
16.433333333333334 , 2984 , 7 , 0.2
16.433333333333334 , 9321 , 12 , 0.2
16.466666666666665 , 1051 , 2 , 0.2
16.466666666666665 , 3530 , 7 , 0.2
16.466666666666665 , 9924 , 12 , 0.2
16.5 , 95 , 2 , 0.2
16.5 , 334 , 7 , 0.2
16.5 , 1360 , 12 , 0.2
16.53333333333333 , 4519 , 1 , 0.2
16.53333333333333 , 13658 , 6 , 0.2
16.53333333333333 , 28158 , 11 , 0.2
16.566666666666666 , 868 , 2 , 0.2
16.566666666666666 , 3034 , 7 , 0.2
16.566666666666666 , 8596 , 12 , 0.2
16.6 , 1681 , 2 , 0.2
16.6 , 5043 , 7 , 0.2
16.6 , 13427 , 12 , 0.2
16.633333333333333 , 923 , 2 , 0.2
16.633333333333333 , 3313 , 7 , 0.2
16.633333333333333 , 10112 , 12 , 0.2
16.666666666666668 , 5318 , 1 , 0.2
16.666666666666668 , 14929 , 6 , 0.2
16.666666666666668 , 31340 , 11 , 0.2
16.7 , 137 , 2 , 0.2
16.7 , 450 , 7 , 0.2
16.7 , 1846 , 12 , 0.2
16.733333333333334 , 1286 , 2 , 0.2
16.733333333333334 , 4394 , 7 , 0.2
16.733333333333334 , 12130 , 12 , 0.2
16.766666666666666 , 1003 , 2 , 0.2
16.766666666666666 , 3476 , 7 , 0.2
16.766666666666666 , 10088 , 12 , 0.2
16.8 , 6409 , 0 , 0.2
16.8 , 17300 , 5 , 0.2
16.8 , 30262 , 10 , 0.2
16.833333333333332 , 1038 , 2 , 0.2
16.833333333333332 , 3863 , 7 , 0.2
16.833333333333332 , 11258 , 12 , 0.2
16.866666666666667 , 1572 , 2 , 0.2
16.866666666666667 , 5267 , 7 , 0.2
16.866666666666667 , 13610 , 12 , 0.2
16.9 , 99 , 2 , 0.2
16.9 , 323 , 7 , 0.2
16.9 , 1128 , 12 , 0.2
16.933333333333334 , 6199 , 1 , 0.2
16.933333333333334 , 18191 , 6 , 0.2
16.933333333333334 , 33623 , 11 , 0.2
16.966666666666665 , 998 , 2 , 0.2
16.966666666666665 , 3787 , 7 , 0.2
16.966666666666665 , 10655 , 12 , 0.2
17.0 , 1565 , 2 , 0.2
17.0 , 5884 , 7 , 0.2
17.0 , 17586 , 12 , 0.2
17.03333333333333 , 871 , 2 , 0.2
17.03333333333333 , 3466 , 7 , 0.2
17.03333333333333 , 10097 , 12 , 0.2
17.066666666666666 , 6584 , 1 , 0.2
17.066666666666666 , 20534 , 6 , 0.2
17.066666666666666 , 42982 , 11 , 0.2
17.1 , 145 , 2 , 0.2
17.1 , 600 , 7 , 0.2
17.1 , 2193 , 12 , 0.2
17.133333333333333 , 1343 , 2 , 0.2
17.133333333333333 , 5307 , 7 , 0.2
17.133333333333333 , 14817 , 12 , 0.2
17.166666666666668 , 756 , 2 , 0.2
17.166666666666668 , 3439 , 7 , 0.2
17.166666666666668 , 9763 , 12 , 0.2
17.2 , 5202 , 1 , 0.2
17.2 , 17108 , 6 , 0.2
17.2 , 36572 , 11 , 0.2
17.233333333333334 , 954 , 2 , 0.2
17.233333333333334 , 4077 , 7 , 0.2
17.233333333333334 , 11997 , 12 , 0.2
17.266666666666666 , 1265 , 2 , 0.2
17.266666666666666 , 5545 , 7 , 0.2
17.266666666666666 , 15011 , 12 , 0.2
17.3 , 129 , 2 , 0.2
17.3 , 377 , 7 , 0.2
17.3 , 1235 , 12 , 0.2
17.333333333333332 , 5403 , 1 , 0.2
17.333333333333332 , 20038 , 6 , 0.2
17.333333333333332 , 39883 , 11 , 0.2
17.366666666666667 , 1056 , 2 , 0.2
17.366666666666667 , 5396 , 7 , 0.2
17.366666666666667 , 16190 , 12 , 0.2
17.4 , 1979 , 2 , 0.2
17.4 , 9027 , 7 , 0.2
17.4 , 23555 , 12 , 0.2
17.433333333333334 , 1291 , 2 , 0.2
17.433333333333334 , 7281 , 7 , 0.2
17.433333333333334 , 19101 , 12 , 0.2
17.466666666666665 , 7405 , 1 , 0.2
17.466666666666665 , 26304 , 6 , 0.2
17.466666666666665 , 51537 , 11 , 0.2
17.5 , 64 , 2 , 0.2
17.5 , 468 , 7 , 0.2
17.5 , 1904 , 12 , 0.2
17.53333333333333 , 1954 , 2 , 0.2
17.53333333333333 , 10252 , 7 , 0.2
17.53333333333333 , 22584 , 12 , 0.2
17.566666666666666 , 1100 , 2 , 0.2
17.566666666666666 , 5962 , 7 , 0.2
17.566666666666666 , 14771 , 12 , 0.2
17.6 , 5704 , 1 , 0.2
17.6 , 18844 , 6 , 0.2
17.6 , 39730 , 11 , 0.2
17.633333333333333 , 972 , 2 , 0.2
17.633333333333333 , 3263 , 7 , 0.2
17.633333333333333 , 10679 , 12 , 0.2
17.666666666666668 , 1386 , 2 , 0.2
17.666666666666668 , 3937 , 7 , 0.2
17.666666666666668 , 10005 , 12 , 0.2
17.7 , 88 , 2 , 0.2
17.7 , 259 , 7 , 0.2
17.7 , 1065 , 12 , 0.2
17.733333333333334 , 6175 , 0 , 0.2
17.733333333333334 , 17801 , 5 , 0.2
17.733333333333334 , 29928 , 10 , 0.2
17.766666666666666 , 850 , 2 , 0.2
17.766666666666666 , 2805 , 7 , 0.2
17.766666666666666 , 6766 , 12 , 0.2
17.8 , 1779 , 2 , 0.2
17.8 , 4832 , 7 , 0.2
17.8 , 11917 , 12 , 0.2
17.833333333333332 , 1001 , 2 , 0.2
17.833333333333332 , 3318 , 7 , 0.2
17.833333333333332 , 9229 , 12 , 0.2
17.866666666666667 , 5849 , 1 , 0.2
17.866666666666667 , 16326 , 6 , 0.2
17.866666666666667 , 32515 , 11 , 0.2
17.9 , 114 , 2 , 0.2
17.9 , 500 , 7 , 0.2
17.9 , 2005 , 12 , 0.2
17.933333333333334 , 1636 , 2 , 0.2
17.933333333333334 , 5268 , 7 , 0.2
17.933333333333334 , 15516 , 12 , 0.2
17.966666666666665 , 1538 , 2 , 0.2
17.966666666666665 , 5345 , 7 , 0.2
17.966666666666665 , 15333 , 12 , 0.2
18.0 , 8068 , 1 , 0.2
18.0 , 27596 , 6 , 0.2
18.0 , 46629 , 11 , 0.2
18.03333333333333 , 1485 , 2 , 0.2
18.03333333333333 , 6993 , 7 , 0.2
18.03333333333333 , 16109 , 12 , 0.2
18.066666666666666 , 2039 , 2 , 0.2
18.066666666666666 , 8116 , 7 , 0.2
18.066666666666666 , 17247 , 12 , 0.2
18.1 , 60 , 2 , 0.2
18.1 , 291 , 7 , 0.2
18.1 , 1534 , 12 , 0.2
18.133333333333333 , 6321 , 1 , 0.2
18.133333333333333 , 17727 , 6 , 0.2
18.133333333333333 , 31141 , 11 , 0.2
18.166666666666668 , 1425 , 2 , 0.2
18.166666666666668 , 3645 , 7 , 0.2
18.166666666666668 , 9855 , 12 , 0.2
18.2 , 1621 , 2 , 0.2
18.2 , 4461 , 7 , 0.2
18.2 , 11228 , 12 , 0.2
18.233333333333334 , 1065 , 2 , 0.2
18.233333333333334 , 2991 , 7 , 0.2
18.233333333333334 , 7928 , 12 , 0.2
18.266666666666666 , 5655 , 1 , 0.2
18.266666666666666 , 14952 , 6 , 0.2
18.266666666666666 , 27900 , 11 , 0.2
18.3 , 46 , 2 , 0.2
18.3 , 230 , 7 , 0.2
18.3 , 738 , 12 , 0.2
18.333333333333332 , 1241 , 2 , 0.2
18.333333333333332 , 3668 , 7 , 0.2
18.333333333333332 , 9729 , 12 , 0.2
18.366666666666667 , 1104 , 2 , 0.2
18.366666666666667 , 3009 , 7 , 0.2
18.366666666666667 , 7788 , 12 , 0.2
18.4 , 4966 , 1 , 0.2
18.4 , 13743 , 6 , 0.2
18.4 , 25209 , 11 , 0.2
18.433333333333334 , 1039 , 2 , 0.2
18.433333333333334 , 3041 , 7 , 0.2
18.433333333333334 , 8248 , 12 , 0.2
18.466666666666665 , 1345 , 2 , 0.2
18.466666666666665 , 3927 , 7 , 0.2
18.466666666666665 , 10125 , 12 , 0.2
18.5 , 110 , 2 , 0.2
18.5 , 401 , 7 , 0.2
18.5 , 1942 , 12 , 0.2
18.53333333333333 , 5206 , 1 , 0.2
18.53333333333333 , 14104 , 6 , 0.2
18.53333333333333 , 25701 , 11 , 0.2
18.566666666666666 , 1111 , 2 , 0.2
18.566666666666666 , 3334 , 7 , 0.2
18.566666666666666 , 8841 , 12 , 0.2
18.6 , 1806 , 2 , 0.2
18.6 , 4727 , 7 , 0.2
18.6 , 11386 , 12 , 0.2
18.633333333333333 , 960 , 2 , 0.2
18.633333333333333 , 2884 , 7 , 0.2
18.633333333333333 , 7213 , 12 , 0.2
18.666666666666668 , 6421 , 0 , 0.2
18.666666666666668 , 17989 , 5 , 0.2
18.666666666666668 , 29099 , 10 , 0.2
18.7 , 142 , 2 , 0.2
18.7 , 382 , 7 , 0.2
18.7 , 1462 , 12 , 0.2
18.733333333333334 , 971 , 2 , 0.2
18.733333333333334 , 3360 , 7 , 0.2
18.733333333333334 , 8708 , 12 , 0.2
18.766666666666666 , 754 , 2 , 0.2
18.766666666666666 , 2420 , 7 , 0.2
18.766666666666666 , 6924 , 12 , 0.2
18.8 , 3613 , 1 , 0.2
18.8 , 10155 , 6 , 0.2
18.8 , 18701 , 11 , 0.2
18.833333333333332 , 811 , 2 , 0.2
18.833333333333332 , 2565 , 7 , 0.2
18.833333333333332 , 7112 , 12 , 0.2
18.866666666666667 , 892 , 2 , 0.2
18.866666666666667 , 2969 , 7 , 0.2
18.866666666666667 , 7934 , 12 , 0.2
18.9 , 139 , 2 , 0.2
18.9 , 422 , 7 , 0.2
18.9 , 1446 , 12 , 0.2
18.933333333333334 , 3776 , 1 , 0.2
18.933333333333334 , 10927 , 6 , 0.2
18.933333333333334 , 21764 , 11 , 0.2
18.966666666666665 , 669 , 2 , 0.2
18.966666666666665 , 2346 , 7 , 0.2
18.966666666666665 , 6636 , 12 , 0.2
19.0 , 1245 , 2 , 0.2
19.0 , 3795 , 7 , 0.2
19.0 , 10359 , 12 , 0.2
19.03333333333333 , 587 , 2 , 0.2
19.03333333333333 , 2095 , 7 , 0.2
19.03333333333333 , 5558 , 12 , 0.2
19.066666666666666 , 3916 , 1 , 0.2
19.066666666666666 , 10868 , 6 , 0.2
19.066666666666666 , 26130 , 11 , 0.2
19.1 , 119 , 2 , 0.2
19.1 , 489 , 7 , 0.2
19.1 , 1822 , 12 , 0.2
19.133333333333333 , 868 , 2 , 0.2
19.133333333333333 , 2940 , 7 , 0.2
19.133333333333333 , 7917 , 12 , 0.2
19.166666666666668 , 638 , 2 , 0.2
19.166666666666668 , 2157 , 7 , 0.2
19.166666666666668 , 5967 , 12 , 0.2
19.2 , 3382 , 1 , 0.2
19.2 , 9622 , 6 , 0.2
19.2 , 20307 , 11 , 0.2
19.233333333333334 , 777 , 2 , 0.2
19.233333333333334 , 2515 , 7 , 0.2
19.233333333333334 , 6565 , 12 , 0.2
19.266666666666666 , 1005 , 2 , 0.2
19.266666666666666 , 3291 , 7 , 0.2
19.266666666666666 , 9572 , 12 , 0.2
19.3 , 85 , 2 , 0.2
19.3 , 228 , 7 , 0.2
19.3 , 844 , 12 , 0.2
19.333333333333332 , 3742 , 1 , 0.2
19.333333333333332 , 11249 , 6 , 0.2
19.333333333333332 , 23176 , 11 , 0.2
19.366666666666667 , 702 , 2 , 0.2
19.366666666666667 , 2476 , 7 , 0.2
19.366666666666667 , 6926 , 12 , 0.2
19.4 , 1272 , 2 , 0.2
19.4 , 3739 , 7 , 0.2
19.4 , 10751 , 12 , 0.2
19.433333333333334 , 725 , 2 , 0.2
19.433333333333334 , 2532 , 7 , 0.2
19.433333333333334 , 7318 , 12 , 0.2
19.466666666666665 , 3864 , 1 , 0.2
19.466666666666665 , 11151 , 6 , 0.2
19.466666666666665 , 23796 , 11 , 0.2
19.5 , 158 , 2 , 0.2
19.5 , 566 , 7 , 0.2
19.5 , 2320 , 12 , 0.2
19.53333333333333 , 1120 , 2 , 0.2
19.53333333333333 , 3540 , 7 , 0.2
19.53333333333333 , 9765 , 12 , 0.2
19.566666666666666 , 792 , 2 , 0.2
19.566666666666666 , 2658 , 7 , 0.2
19.566666666666666 , 7572 , 12 , 0.2
19.6 , 5721 , 0 , 0.2
19.6 , 16881 , 5 , 0.2
19.6 , 28665 , 10 , 0.2
19.633333333333333 , 881 , 2 , 0.2
19.633333333333333 , 2948 , 7 , 0.2
19.633333333333333 , 7893 , 12 , 0.2
19.666666666666668 , 1231 , 2 , 0.2
19.666666666666668 , 3965 , 7 , 0.2
19.666666666666668 , 10504 , 12 , 0.2
19.7 , 117 , 2 , 0.2
19.7 , 294 , 7 , 0.2
19.7 , 1137 , 12 , 0.2
19.733333333333334 , 4158 , 1 , 0.2
19.733333333333334 , 11744 , 6 , 0.2
19.733333333333334 , 24118 , 11 , 0.2
19.766666666666666 , 1150 , 2 , 0.2
19.766666666666666 , 3662 , 7 , 0.2
19.766666666666666 , 8766 , 12 , 0.2
19.8 , 1836 , 2 , 0.2
19.8 , 5160 , 7 , 0.2
19.8 , 12617 , 12 , 0.2
19.833333333333332 , 1456 , 2 , 0.2
19.833333333333332 , 3782 , 7 , 0.2
19.833333333333332 , 9858 , 12 , 0.2
19.866666666666667 , 5912 , 1 , 0.2
19.866666666666667 , 15452 , 6 , 0.2
19.866666666666667 , 29102 , 11 , 0.2
19.9 , 42 , 2 , 0.2
19.9 , 313 , 7 , 0.2
19.9 , 1561 , 12 , 0.2
19.933333333333334 , 1766 , 2 , 0.2
19.933333333333334 , 4583 , 7 , 0.2
19.933333333333334 , 12384 , 12 , 0.2
19.966666666666665 , 1098 , 2 , 0.2
19.966666666666665 , 3292 , 7 , 0.2
19.966666666666665 , 9151 , 12 , 0.2
20.0 , 4681 , 1 , 0.2
20.0 , 14794 , 6 , 0.2
20.0 , 31354 , 11 , 0.2
20.03333333333333 , 1217 , 2 , 0.2
20.03333333333333 , 3932 , 7 , 0.2
20.03333333333333 , 10196 , 12 , 0.2
20.066666666666666 , 1570 , 2 , 0.2
20.066666666666666 , 4766 , 7 , 0.2
20.066666666666666 , 11688 , 12 , 0.2
20.1 , 22 , 2 , 0.2
20.1 , 124 , 7 , 0.2
20.1 , 648 , 12 , 0.2
20.133333333333333 , 5226 , 1 , 0.2
20.133333333333333 , 15158 , 6 , 0.2
20.133333333333333 , 28513 , 11 , 0.2
20.166666666666668 , 1052 , 2 , 0.2
20.166666666666668 , 3790 , 7 , 0.2
20.166666666666668 , 9714 , 12 , 0.2
20.2 , 1463 , 2 , 0.2
20.2 , 4889 , 7 , 0.2
20.2 , 12635 , 12 , 0.2
20.233333333333334 , 989 , 2 , 0.2
20.233333333333334 , 3332 , 7 , 0.2
20.233333333333334 , 9439 , 12 , 0.2
20.266666666666666 , 4336 , 1 , 0.2
20.266666666666666 , 12013 , 6 , 0.2
20.266666666666666 , 26235 , 11 , 0.2
20.3 , 167 , 2 , 0.2
20.3 , 504 , 7 , 0.2
20.3 , 1901 , 12 , 0.2
20.333333333333332 , 1056 , 2 , 0.2
20.333333333333332 , 3449 , 7 , 0.2
20.333333333333332 , 9988 , 12 , 0.2
20.366666666666667 , 823 , 2 , 0.2
20.366666666666667 , 2808 , 7 , 0.2
20.366666666666667 , 7733 , 12 , 0.2
20.4 , 3710 , 1 , 0.2
20.4 , 10869 , 6 , 0.2
20.4 , 24234 , 11 , 0.2
20.433333333333334 , 789 , 2 , 0.2
20.433333333333334 , 2682 , 7 , 0.2
20.433333333333334 , 7751 , 12 , 0.2
20.466666666666665 , 1112 , 2 , 0.2
20.466666666666665 , 3511 , 7 , 0.2
20.466666666666665 , 9546 , 12 , 0.2
20.5 , 117 , 2 , 0.2
20.5 , 370 , 7 , 0.2
20.5 , 1553 , 12 , 0.2
20.53333333333333 , 5581 , 0 , 0.2
20.53333333333333 , 16312 , 5 , 0.2
20.53333333333333 , 27532 , 10 , 0.2
20.566666666666666 , 686 , 2 , 0.2
20.566666666666666 , 2455 , 7 , 0.2
20.566666666666666 , 7146 , 12 , 0.2
20.6 , 1189 , 2 , 0.2
20.6 , 3640 , 7 , 0.2
20.6 , 10130 , 12 , 0.2
20.633333333333333 , 764 , 2 , 0.2
20.633333333333333 , 2538 , 7 , 0.2
20.633333333333333 , 8040 , 12 , 0.2
20.666666666666668 , 4130 , 1 , 0.2
20.666666666666668 , 10966 , 6 , 0.2
20.666666666666668 , 23737 , 11 , 0.2
20.7 , 118 , 2 , 0.2
20.7 , 487 , 7 , 0.2
20.7 , 2101 , 12 , 0.2
20.733333333333334 , 1109 , 2 , 0.2
20.733333333333334 , 3574 , 7 , 0.2
20.733333333333334 , 10248 , 12 , 0.2
20.766666666666666 , 866 , 2 , 0.2
20.766666666666666 , 2777 , 7 , 0.2
20.766666666666666 , 8085 , 12 , 0.2
20.8 , 4374 , 1 , 0.2
20.8 , 11941 , 6 , 0.2
20.8 , 25585 , 11 , 0.2
20.833333333333332 , 990 , 2 , 0.2
20.833333333333332 , 2962 , 7 , 0.2
20.833333333333332 , 8337 , 12 , 0.2
20.866666666666667 , 1260 , 2 , 0.2
20.866666666666667 , 3541 , 7 , 0.2
20.866666666666667 , 9801 , 12 , 0.2
20.9 , 75 , 2 , 0.2
20.9 , 350 , 7 , 0.2
20.9 , 1487 , 12 , 0.2
20.933333333333334 , 3997 , 1 , 0.2
20.933333333333334 , 11810 , 6 , 0.2
20.933333333333334 , 24881 , 11 , 0.2
20.966666666666665 , 1165 , 2 , 0.2
20.966666666666665 , 3255 , 7 , 0.2
20.966666666666665 , 9126 , 12 , 0.2
21.0 , 1536 , 2 , 0.2
21.0 , 4192 , 7 , 0.2
21.0 , 12294 , 12 , 0.2
21.03333333333333 , 1121 , 2 , 0.2
21.03333333333333 , 2601 , 7 , 0.2
21.03333333333333 , 7252 , 12 , 0.2
21.066666666666666 , 3366 , 1 , 0.2
21.066666666666666 , 10333 , 6 , 0.2
21.066666666666666 , 26929 , 11 , 0.2
21.1 , 181 , 2 , 0.2
21.1 , 733 , 7 , 0.2
21.1 , 2427 , 12 , 0.2
21.133333333333333 , 611 , 2 , 0.2
21.133333333333333 , 2130 , 7 , 0.2
21.133333333333333 , 7145 , 12 , 0.2
21.166666666666668 , 623 , 2 , 0.2
21.166666666666668 , 1877 , 7 , 0.2
21.166666666666668 , 5832 , 12 , 0.2
21.2 , 5430 , 1 , 0.2
21.2 , 15373 , 6 , 0.2
21.2 , 29025 , 11 , 0.2
21.233333333333334 , 425 , 2 , 0.2
21.233333333333334 , 1604 , 7 , 0.2
21.233333333333334 , 5474 , 12 , 0.2
21.266666666666666 , 555 , 2 , 0.2
21.266666666666666 , 2100 , 7 , 0.2
21.266666666666666 , 6871 , 12 , 0.2
21.3 , 66 , 2 , 0.2
21.3 , 268 , 7 , 0.2
21.3 , 1341 , 12 , 0.2
21.333333333333332 , 2203 , 1 , 0.2
21.333333333333332 , 7570 , 6 , 0.2
21.333333333333332 , 17654 , 11 , 0.2
21.366666666666667 , 371 , 2 , 0.2
21.366666666666667 , 1456 , 7 , 0.2
21.366666666666667 , 5040 , 12 , 0.2
21.4 , 739 , 2 , 0.2
21.4 , 2375 , 7 , 0.2
21.4 , 7904 , 12 , 0.2
21.433333333333334 , 492 , 2 , 0.2
21.433333333333334 , 1714 , 7 , 0.2
21.433333333333334 , 6041 , 12 , 0.2
21.466666666666665 , 5183 , 0 , 0.2
21.466666666666665 , 14906 , 5 , 0.2
21.466666666666665 , 25969 , 10 , 0.2
21.5 , 60 , 2 , 0.2
21.5 , 385 , 7 , 0.2
21.5 , 1621 , 12 , 0.2
21.53333333333333 , 542 , 2 , 0.2
21.53333333333333 , 1949 , 7 , 0.2
21.53333333333333 , 6853 , 12 , 0.2
21.566666666666666 , 339 , 2 , 0.2
21.566666666666666 , 1397 , 7 , 0.2
21.566666666666666 , 4701 , 12 , 0.2
21.6 , 2237 , 1 , 0.2
21.6 , 7623 , 6 , 0.2
21.6 , 18248 , 11 , 0.2
21.633333333333333 , 443 , 2 , 0.2
21.633333333333333 , 1701 , 7 , 0.2
21.633333333333333 , 5664 , 12 , 0.2
21.666666666666668 , 799 , 2 , 0.2
21.666666666666668 , 2575 , 7 , 0.2
21.666666666666668 , 7841 , 12 , 0.2
21.7 , 79 , 2 , 0.2
21.7 , 234 , 7 , 0.2
21.7 , 620 , 12 , 0.2
21.733333333333334 , 3308 , 1 , 0.2
21.733333333333334 , 9439 , 6 , 0.2
21.733333333333334 , 23534 , 11 , 0.2
21.766666666666666 , 805 , 2 , 0.2
21.766666666666666 , 2487 , 7 , 0.2
21.766666666666666 , 7459 , 12 , 0.2
21.8 , 1011 , 2 , 0.2
21.8 , 3104 , 7 , 0.2
21.8 , 9688 , 12 , 0.2
21.833333333333332 , 533 , 2 , 0.2
21.833333333333332 , 1815 , 7 , 0.2
21.833333333333332 , 6246 , 12 , 0.2
21.866666666666667 , 4752 , 1 , 0.2
21.866666666666667 , 12508 , 6 , 0.2
21.866666666666667 , 28679 , 11 , 0.2
21.9 , 60 , 2 , 0.2
21.9 , 257 , 7 , 0.2
21.9 , 1313 , 12 , 0.2
21.933333333333334 , 793 , 2 , 0.2
21.933333333333334 , 2507 , 7 , 0.2
21.933333333333334 , 8851 , 12 , 0.2
21.966666666666665 , 447 , 2 , 0.2
21.966666666666665 , 1607 , 7 , 0.2
21.966666666666665 , 5594 , 12 , 0.2
22.0 , 3488 , 1 , 0.2
22.0 , 11484 , 6 , 0.2
22.0 , 30727 , 11 , 0.2
22.03333333333333 , 587 , 2 , 0.2
22.03333333333333 , 1879 , 7 , 0.2
22.03333333333333 , 5386 , 12 , 0.2
22.066666666666666 , 853 , 2 , 0.2
22.066666666666666 , 2432 , 7 , 0.2
22.066666666666666 , 7219 , 12 , 0.2
22.1 , 139 , 2 , 0.2
22.1 , 375 , 7 , 0.2
22.1 , 1589 , 12 , 0.2
22.133333333333333 , 3304 , 1 , 0.2
22.133333333333333 , 9883 , 6 , 0.2
22.133333333333333 , 20741 , 11 , 0.2
22.166666666666668 , 719 , 2 , 0.2
22.166666666666668 , 2248 , 7 , 0.2
22.166666666666668 , 6686 , 12 , 0.2
22.2 , 1571 , 2 , 0.2
22.2 , 4282 , 7 , 0.2
22.2 , 10938 , 12 , 0.2
22.233333333333334 , 1375 , 2 , 0.2
22.233333333333334 , 3653 , 7 , 0.2
22.233333333333334 , 10021 , 12 , 0.2
22.266666666666666 , 5678 , 1 , 0.2
22.266666666666666 , 14756 , 6 , 0.2
22.266666666666666 , 30531 , 11 , 0.2
22.3 , 84 , 2 , 0.2
22.3 , 318 , 7 , 0.2
22.3 , 1202 , 12 , 0.2
22.333333333333332 , 1768 , 2 , 0.2
22.333333333333332 , 4477 , 7 , 0.2
22.333333333333332 , 11689 , 12 , 0.2
22.366666666666667 , 1227 , 2 , 0.2
22.366666666666667 , 3370 , 7 , 0.2
22.366666666666667 , 8732 , 12 , 0.2
22.4 , 6509 , 0 , 0.2
22.4 , 16693 , 5 , 0.2
22.4 , 28662 , 10 , 0.2
22.433333333333334 , 1211 , 2 , 0.2
22.433333333333334 , 3321 , 7 , 0.2
22.433333333333334 , 9242 , 12 , 0.2
22.466666666666665 , 1541 , 2 , 0.2
22.466666666666665 , 4357 , 7 , 0.2
22.466666666666665 , 11308 , 12 , 0.2
22.5 , 37 , 2 , 0.2
22.5 , 118 , 7 , 0.2
22.5 , 428 , 12 , 0.2
22.53333333333333 , 6216 , 1 , 0.2
22.53333333333333 , 15412 , 6 , 0.2
22.53333333333333 , 30962 , 11 , 0.2
22.566666666666666 , 1446 , 2 , 0.2
22.566666666666666 , 3831 , 7 , 0.2
22.566666666666666 , 10108 , 12 , 0.2
22.6 , 3229 , 2 , 0.2
22.6 , 8057 , 7 , 0.2
22.6 , 18869 , 12 , 0.2
22.633333333333333 , 1640 , 2 , 0.2
22.633333333333333 , 4507 , 7 , 0.2
22.633333333333333 , 12502 , 12 , 0.2
22.666666666666668 , 8371 , 1 , 0.2
22.666666666666668 , 20845 , 6 , 0.2
22.666666666666668 , 39261 , 11 , 0.2
22.7 , 99 , 2 , 0.2
22.7 , 391 , 7 , 0.2
22.7 , 1307 , 12 , 0.2
22.733333333333334 , 1866 , 2 , 0.2
22.733333333333334 , 5305 , 7 , 0.2
22.733333333333334 , 13831 , 12 , 0.2
22.766666666666666 , 1039 , 2 , 0.2
22.766666666666666 , 3321 , 7 , 0.2
22.766666666666666 , 9051 , 12 , 0.2
22.8 , 7271 , 1 , 0.2
22.8 , 19467 , 6 , 0.2
22.8 , 38374 , 11 , 0.2
22.833333333333332 , 797 , 2 , 0.2
22.833333333333332 , 2556 , 7 , 0.2
22.833333333333332 , 7957 , 12 , 0.2
22.866666666666667 , 1214 , 2 , 0.2
22.866666666666667 , 3546 , 7 , 0.2
22.866666666666667 , 9736 , 12 , 0.2
22.9 , 137 , 2 , 0.2
22.9 , 450 , 7 , 0.2
22.9 , 1572 , 12 , 0.2
22.933333333333334 , 3974 , 1 , 0.2
22.933333333333334 , 12794 , 6 , 0.2
22.933333333333334 , 27338 , 11 , 0.2
22.966666666666665 , 672 , 2 , 0.2
22.966666666666665 , 2320 , 7 , 0.2
22.966666666666665 , 7417 , 12 , 0.2
23.0 , 1327 , 2 , 0.2
23.0 , 4447 , 7 , 0.2
23.0 , 13203 , 12 , 0.2
23.03333333333333 , 689 , 2 , 0.2
23.03333333333333 , 2447 , 7 , 0.2
23.03333333333333 , 7040 , 12 , 0.2
23.066666666666666 , 5389 , 1 , 0.2
23.066666666666666 , 15875 , 6 , 0.2
23.066666666666666 , 37399 , 11 , 0.2
23.1 , 118 , 2 , 0.2
23.1 , 495 , 7 , 0.2
23.1 , 1759 , 12 , 0.2
23.133333333333333 , 1136 , 2 , 0.2
23.133333333333333 , 3395 , 7 , 0.2
23.133333333333333 , 10062 , 12 , 0.2
23.166666666666668 , 836 , 2 , 0.2
23.166666666666668 , 2645 , 7 , 0.2
23.166666666666668 , 7325 , 12 , 0.2
23.2 , 4810 , 1 , 0.2
23.2 , 14447 , 6 , 0.2
23.2 , 30858 , 11 , 0.2
23.233333333333334 , 673 , 2 , 0.2
23.233333333333334 , 2127 , 7 , 0.2
23.233333333333334 , 6650 , 12 , 0.2
23.266666666666666 , 1160 , 2 , 0.2
23.266666666666666 , 3563 , 7 , 0.2
23.266666666666666 , 10140 , 12 , 0.2
23.3 , 49 , 2 , 0.2
23.3 , 189 , 7 , 0.2
23.3 , 696 , 12 , 0.2
23.333333333333332 , 8007 , 0 , 0.2
23.333333333333332 , 22377 , 5 , 0.2
23.333333333333332 , 38189 , 10 , 0.2
23.366666666666667 , 1105 , 2 , 0.2
23.366666666666667 , 3346 , 7 , 0.2
23.366666666666667 , 9629 , 12 , 0.2
23.4 , 1904 , 2 , 0.2
23.4 , 5453 , 7 , 0.2
23.4 , 15712 , 12 , 0.2
23.433333333333334 , 669 , 2 , 0.2
23.433333333333334 , 2745 , 7 , 0.2
23.433333333333334 , 8843 , 12 , 0.2
23.466666666666665 , 8596 , 1 , 0.2
23.466666666666665 , 23760 , 6 , 0.2
23.466666666666665 , 44709 , 11 , 0.2
23.5 , 148 , 2 , 0.2
23.5 , 617 , 7 , 0.2
23.5 , 2436 , 12 , 0.2
23.53333333333333 , 749 , 2 , 0.2
23.53333333333333 , 3110 , 7 , 0.2
23.53333333333333 , 9656 , 12 , 0.2
23.566666666666666 , 611 , 2 , 0.2
23.566666666666666 , 2663 , 7 , 0.2
23.566666666666666 , 8045 , 12 , 0.2
23.6 , 4474 , 1 , 0.2
23.6 , 15116 , 6 , 0.2
23.6 , 35380 , 11 , 0.2
23.633333333333333 , 801 , 2 , 0.2
23.633333333333333 , 3053 , 7 , 0.2
23.633333333333333 , 8983 , 12 , 0.2
23.666666666666668 , 821 , 2 , 0.2
23.666666666666668 , 3325 , 7 , 0.2
23.666666666666668 , 10167 , 12 , 0.2
23.7 , 22 , 2 , 0.2
23.7 , 153 , 7 , 0.2
23.7 , 630 , 12 , 0.2
23.733333333333334 , 4804 , 1 , 0.2
23.733333333333334 , 15930 , 6 , 0.2
23.733333333333334 , 36794 , 11 , 0.2
23.766666666666666 , 767 , 2 , 0.2
23.766666666666666 , 2963 , 7 , 0.2
23.766666666666666 , 8014 , 12 , 0.2
23.8 , 807 , 2 , 0.2
23.8 , 3125 , 7 , 0.2
23.8 , 9862 , 12 , 0.2
23.833333333333332 , 318 , 2 , 0.2
23.833333333333332 , 1579 , 7 , 0.2
23.833333333333332 , 5582 , 12 , 0.2
23.866666666666667 , 4066 , 1 , 0.2
23.866666666666667 , 13463 , 6 , 0.2
23.866666666666667 , 32393 , 11 , 0.2
23.9 , 148 , 2 , 0.2
23.9 , 615 , 7 , 0.2
23.9 , 2215 , 12 , 0.2
23.933333333333334 , 500 , 2 , 0.2
23.933333333333334 , 2197 , 7 , 0.2
23.933333333333334 , 7740 , 12 , 0.2
23.966666666666665 , 360 , 2 , 0.2
23.966666666666665 , 1630 , 7 , 0.2
23.966666666666665 , 5879 , 12 , 0.2
24.0 , 2836 , 1 , 0.2
24.0 , 12029 , 6 , 0.2
24.0 , 38029 , 11 , 0.2
24.03333333333333 , 300 , 2 , 0.2
24.03333333333333 , 1462 , 7 , 0.2
24.03333333333333 , 4842 , 12 , 0.2
24.066666666666666 , 408 , 2 , 0.2
24.066666666666666 , 1915 , 7 , 0.2
24.066666666666666 , 5802 , 12 , 0.2
24.1 , 46 , 2 , 0.2
24.1 , 206 , 7 , 0.2
24.1 , 722 , 12 , 0.2
24.133333333333333 , 1983 , 1 , 0.2
24.133333333333333 , 7424 , 6 , 0.2
24.133333333333333 , 17447 , 11 , 0.2
24.166666666666668 , 192 , 2 , 0.2
24.166666666666668 , 1017 , 7 , 0.2
24.166666666666668 , 3298 , 12 , 0.2
24.2 , 319 , 2 , 0.2
24.2 , 1438 , 7 , 0.2
24.2 , 4605 , 12 , 0.2
24.233333333333334 , 289 , 2 , 0.2
24.233333333333334 , 1214 , 7 , 0.2
24.233333333333334 , 3201 , 12 , 0.2
24.266666666666666 , 9013 , 0 , 0.2
24.266666666666666 , 27704 , 5 , 0.2
24.266666666666666 , 49112 , 10 , 0.2
24.3 , 27 , 2 , 0.2
24.3 , 293 , 7 , 0.2
24.3 , 1003 , 12 , 0.2
24.333333333333332 , 245 , 2 , 0.2
24.333333333333332 , 1090 , 7 , 0.2
24.333333333333332 , 3426 , 12 , 0.2
24.366666666666667 , 154 , 2 , 0.2
24.366666666666667 , 824 , 7 , 0.2
24.366666666666667 , 2297 , 12 , 0.2
24.4 , 1097 , 1 , 0.2
24.4 , 4137 , 6 , 0.2
24.4 , 10731 , 11 , 0.2
24.433333333333334 , 228 , 2 , 0.2
24.433333333333334 , 940 , 7 , 0.2
24.433333333333334 , 2814 , 12 , 0.2
24.466666666666665 , 309 , 2 , 0.2
24.466666666666665 , 1390 , 7 , 0.2
24.466666666666665 , 4351 , 12 , 0.2
24.5 , 29 , 2 , 0.2
24.5 , 189 , 7 , 0.2
24.5 , 729 , 12 , 0.2
24.53333333333333 , 2034 , 1 , 0.2
24.53333333333333 , 6616 , 6 , 0.2
24.53333333333333 , 15447 , 11 , 0.2
24.566666666666666 , 201 , 2 , 0.2
24.566666666666666 , 962 , 7 , 0.2
24.566666666666666 , 3067 , 12 , 0.2
24.6 , 461 , 2 , 0.2
24.6 , 1790 , 7 , 0.2
24.6 , 5351 , 12 , 0.2
24.633333333333333 , 215 , 2 , 0.2
24.633333333333333 , 1132 , 7 , 0.2
24.633333333333333 , 3469 , 12 , 0.2
24.666666666666668 , 2214 , 1 , 0.2
24.666666666666668 , 7300 , 6 , 0.2
24.666666666666668 , 17551 , 11 , 0.2
24.7 , 94 , 2 , 0.2
24.7 , 391 , 7 , 0.2
24.7 , 1528 , 12 , 0.2
24.733333333333334 , 448 , 2 , 0.2
24.733333333333334 , 1819 , 7 , 0.2
24.733333333333334 , 5806 , 12 , 0.2
24.766666666666666 , 998 , 2 , 0.2
24.766666666666666 , 3548 , 7 , 0.2
24.766666666666666 , 10345 , 12 , 0.2
24.8 , 7051 , 1 , 0.2
24.8 , 18781 , 6 , 0.2
24.8 , 36911 , 11 , 0.2
24.833333333333332 , 2056 , 2 , 0.2
24.833333333333332 , 5077 , 7 , 0.2
24.833333333333332 , 13172 , 12 , 0.2
24.866666666666667 , 2304 , 2 , 0.2
24.866666666666667 , 6112 , 7 , 0.2
24.866666666666667 , 15017 , 12 , 0.2
24.9 , 30 , 2 , 0.2
24.9 , 97 , 7 , 0.2
24.9 , 238 , 12 , 0.2
24.933333333333334 , 6485 , 1 , 0.2
24.933333333333334 , 17310 , 6 , 0.2
24.933333333333334 , 30947 , 11 , 0.2
24.966666666666665 , 1871 , 2 , 0.2
24.966666666666665 , 4810 , 7 , 0.2
24.966666666666665 , 12567 , 12 , 0.2
25.0 , 3570 , 2 , 0.2
25.0 , 7635 , 7 , 0.2
25.0 , 18570 , 12 , 0.2
25.03333333333333 , 1916 , 2 , 0.2
25.03333333333333 , 4685 , 7 , 0.2
25.03333333333333 , 10982 , 12 , 0.2
25.066666666666666 , 5459 , 1 , 0.2
25.066666666666666 , 12990 , 6 , 0.2
25.066666666666666 , 25074 , 11 , 0.2
25.1 , 30 , 2 , 0.2
25.1 , 159 , 7 , 0.2
25.1 , 493 , 12 , 0.2
25.133333333333333 , 882 , 2 , 0.2
25.133333333333333 , 2564 , 7 , 0.2
25.133333333333333 , 7290 , 12 , 0.2
25.166666666666668 , 444 , 2 , 0.2
25.166666666666668 , 1285 , 7 , 0.2
25.166666666666668 , 3952 , 12 , 0.2
25.2 , 5641 , 0 , 0.2
25.2 , 14506 , 5 , 0.2
25.2 , 24883 , 10 , 0.2
25.233333333333334 , 371 , 2 , 0.2
25.233333333333334 , 1137 , 7 , 0.2
25.233333333333334 , 3645 , 12 , 0.2
25.266666666666666 , 431 , 2 , 0.2
25.266666666666666 , 1497 , 7 , 0.2
25.266666666666666 , 4801 , 12 , 0.2
25.3 , 119 , 2 , 0.2
25.3 , 326 , 7 , 0.2
25.3 , 1060 , 12 , 0.2
25.333333333333332 , 2134 , 1 , 0.2
25.333333333333332 , 6188 , 6 , 0.2
25.333333333333332 , 15838 , 11 , 0.2
25.366666666666667 , 359 , 2 , 0.2
25.366666666666667 , 1197 , 7 , 0.2
25.366666666666667 , 3819 , 12 , 0.2
25.4 , 798 , 2 , 0.2
25.4 , 2184 , 7 , 0.2
25.4 , 6507 , 12 , 0.2
25.433333333333334 , 543 , 2 , 0.2
25.433333333333334 , 1654 , 7 , 0.2
25.433333333333334 , 4981 , 12 , 0.2
25.466666666666665 , 3812 , 1 , 0.2
25.466666666666665 , 9996 , 6 , 0.2
25.466666666666665 , 23166 , 11 , 0.2
25.5 , 67 , 2 , 0.2
25.5 , 289 , 7 , 0.2
25.5 , 997 , 12 , 0.2
25.53333333333333 , 601 , 2 , 0.2
25.53333333333333 , 1720 , 7 , 0.2
25.53333333333333 , 5051 , 12 , 0.2
25.566666666666666 , 533 , 2 , 0.2
25.566666666666666 , 1476 , 7 , 0.2
25.566666666666666 , 4498 , 12 , 0.2
25.6 , 2626 , 1 , 0.2
25.6 , 7325 , 6 , 0.2
25.6 , 17739 , 11 , 0.2
25.633333333333333 , 583 , 2 , 0.2
25.633333333333333 , 1674 , 7 , 0.2
25.633333333333333 , 4624 , 12 , 0.2
25.666666666666668 , 747 , 2 , 0.2
25.666666666666668 , 2158 , 7 , 0.2
25.666666666666668 , 5755 , 12 , 0.2
25.7 , 110 , 2 , 0.2
25.7 , 326 , 7 , 0.2
25.7 , 894 , 12 , 0.2
25.733333333333334 , 3785 , 1 , 0.2
25.733333333333334 , 9256 , 6 , 0.2
25.733333333333334 , 20980 , 11 , 0.2
25.766666666666666 , 1026 , 2 , 0.2
25.766666666666666 , 2859 , 7 , 0.2
25.766666666666666 , 6882 , 12 , 0.2
25.8 , 2205 , 2 , 0.2
25.8 , 5478 , 7 , 0.2
25.8 , 12817 , 12 , 0.2
25.833333333333332 , 1194 , 2 , 0.2
25.833333333333332 , 3074 , 7 , 0.2
25.833333333333332 , 8209 , 12 , 0.2
25.866666666666667 , 5653 , 1 , 0.2
25.866666666666667 , 12865 , 6 , 0.2
25.866666666666667 , 25970 , 11 , 0.2
25.9 , 29 , 2 , 0.2
25.9 , 146 , 7 , 0.2
25.9 , 374 , 12 , 0.2
25.933333333333334 , 953 , 2 , 0.2
25.933333333333334 , 3115 , 7 , 0.2
25.933333333333334 , 9920 , 12 , 0.2
25.966666666666665 , 348 , 2 , 0.2
25.966666666666665 , 1331 , 7 , 0.2
25.966666666666665 , 5198 , 12 , 0.2
26.0 , 4059 , 1 , 0.2
26.0 , 11871 , 6 , 0.2
26.0 , 27450 , 11 , 0.2
26.03333333333333 , 247 , 2 , 0.2
26.03333333333333 , 966 , 7 , 0.2
26.03333333333333 , 2802 , 12 , 0.2
26.066666666666666 , 324 , 2 , 0.2
26.066666666666666 , 1168 , 7 , 0.2
26.066666666666666 , 3673 , 12 , 0.2
26.099999999999998 , 144 , 2 , 0.2
26.099999999999998 , 500 , 7 , 0.2
26.099999999999998 , 1361 , 12 , 0.2
26.133333333333333 , 5588 , 0 , 0.2
26.133333333333333 , 14884 , 5 , 0.2
26.133333333333333 , 26326 , 10 , 0.2
26.166666666666668 , 239 , 2 , 0.2
26.166666666666668 , 983 , 7 , 0.2
26.166666666666668 , 2956 , 12 , 0.2
26.2 , 453 , 2 , 0.2
26.2 , 1514 , 7 , 0.2
26.2 , 4277 , 12 , 0.2
26.233333333333334 , 1123 , 2 , 0.2
26.233333333333334 , 3299 , 7 , 0.2
26.233333333333334 , 8998 , 12 , 0.2
26.266666666666666 , 5518 , 1 , 0.2
26.266666666666666 , 12433 , 6 , 0.2
26.266666666666666 , 23407 , 11 , 0.2
26.3 , 63 , 2 , 0.2
26.3 , 152 , 7 , 0.2
26.3 , 531 , 12 , 0.2
26.333333333333332 , 1961 , 2 , 0.2
26.333333333333332 , 5511 , 7 , 0.2
26.333333333333332 , 14138 , 12 , 0.2
26.366666666666667 , 727 , 2 , 0.2
26.366666666666667 , 2209 , 7 , 0.2
26.366666666666667 , 7011 , 12 , 0.2
26.4 , 7166 , 1 , 0.2
26.4 , 18603 , 6 , 0.2
26.4 , 34516 , 11 , 0.2
26.433333333333334 , 455 , 2 , 0.2
26.433333333333334 , 1481 , 7 , 0.2
26.433333333333334 , 4696 , 12 , 0.2
26.466666666666665 , 540 , 2 , 0.2
26.466666666666665 , 1896 , 7 , 0.2
26.466666666666665 , 6460 , 12 , 0.2
26.5 , 22 , 2 , 0.2
26.5 , 164 , 7 , 0.2
26.5 , 434 , 12 , 0.2
26.53333333333333 , 2084 , 1 , 0.2
26.53333333333333 , 7347 , 6 , 0.2
26.53333333333333 , 17971 , 11 , 0.2
26.566666666666666 , 369 , 2 , 0.2
26.566666666666666 , 1461 , 7 , 0.2
26.566666666666666 , 4736 , 12 , 0.2
26.599999999999998 , 718 , 2 , 0.2
26.599999999999998 , 2669 , 7 , 0.2
26.599999999999998 , 7668 , 12 , 0.2
26.633333333333333 , 527 , 2 , 0.2
26.633333333333333 , 1820 , 7 , 0.2
26.633333333333333 , 5655 , 12 , 0.2
26.666666666666668 , 4358 , 1 , 0.2
26.666666666666668 , 11990 , 6 , 0.2
26.666666666666668 , 26938 , 11 , 0.2
26.7 , 103 , 2 , 0.2
26.7 , 453 , 7 , 0.2
26.7 , 1434 , 12 , 0.2
26.733333333333334 , 2347 , 2 , 0.2
26.733333333333334 , 6089 , 7 , 0.2
26.733333333333334 , 15985 , 12 , 0.2
26.766666666666666 , 1234 , 2 , 0.2
26.766666666666666 , 3685 , 7 , 0.2
26.766666666666666 , 10524 , 12 , 0.2
26.8 , 8076 , 1 , 0.2
26.8 , 21703 , 6 , 0.2
26.8 , 42556 , 11 , 0.2
26.833333333333332 , 665 , 2 , 0.2
26.833333333333332 , 2608 , 7 , 0.2
26.833333333333332 , 7745 , 12 , 0.2
26.866666666666667 , 627 , 2 , 0.2
26.866666666666667 , 2418 , 7 , 0.2
26.866666666666667 , 7474 , 12 , 0.2
26.9 , 84 , 2 , 0.2
26.9 , 324 , 7 , 0.2
26.9 , 1049 , 12 , 0.2
26.933333333333334 , 4439 , 1 , 0.2
26.933333333333334 , 14192 , 6 , 0.2
26.933333333333334 , 32933 , 11 , 0.2
26.966666666666665 , 421 , 2 , 0.2
26.966666666666665 , 1772 , 7 , 0.2
26.966666666666665 , 6314 , 12 , 0.2
27.0 , 781 , 2 , 0.2
27.0 , 2990 , 7 , 0.2
27.0 , 9479 , 12 , 0.2
27.03333333333333 , 425 , 2 , 0.2
27.03333333333333 , 1826 , 7 , 0.2
27.03333333333333 , 5926 , 12 , 0.2
27.066666666666666 , 8734 , 0 , 0.2
27.066666666666666 , 25606 , 5 , 0.2
27.066666666666666 , 43891 , 10 , 0.2
27.099999999999998 , 107 , 2 , 0.2
27.099999999999998 , 392 , 7 , 0.2
27.099999999999998 , 1296 , 12 , 0.2
27.133333333333333 , 563 , 2 , 0.2
27.133333333333333 , 2363 , 7 , 0.2
27.133333333333333 , 7001 , 12 , 0.2
27.166666666666668 , 472 , 2 , 0.2
27.166666666666668 , 1927 , 7 , 0.2
27.166666666666668 , 5888 , 12 , 0.2
27.2 , 2369 , 1 , 0.2
27.2 , 8262 , 6 , 0.2
27.2 , 19589 , 11 , 0.2
27.233333333333334 , 972 , 2 , 0.2
27.233333333333334 , 3157 , 7 , 0.2
27.233333333333334 , 9290 , 12 , 0.2
27.266666666666666 , 877 , 2 , 0.2
27.266666666666666 , 3286 , 7 , 0.2
27.266666666666666 , 8943 , 12 , 0.2
27.3 , 50 , 2 , 0.2
27.3 , 152 , 7 , 0.2
27.3 , 490 , 12 , 0.2
27.333333333333332 , 5618 , 1 , 0.2
27.333333333333332 , 15790 , 6 , 0.2
27.333333333333332 , 33110 , 11 , 0.2
27.366666666666667 , 686 , 2 , 0.2
27.366666666666667 , 2573 , 7 , 0.2
27.366666666666667 , 6996 , 12 , 0.2
27.4 , 1558 , 2 , 0.2
27.4 , 4716 , 7 , 0.2
27.4 , 12538 , 12 , 0.2
27.433333333333334 , 1062 , 2 , 0.2
27.433333333333334 , 3254 , 7 , 0.2
27.433333333333334 , 9398 , 12 , 0.2
27.466666666666665 , 7815 , 1 , 0.2
27.466666666666665 , 20995 , 6 , 0.2
27.466666666666665 , 42445 , 11 , 0.2
27.5 , 38 , 2 , 0.2
27.5 , 166 , 7 , 0.2
27.5 , 766 , 12 , 0.2
27.53333333333333 , 1076 , 2 , 0.2
27.53333333333333 , 3460 , 7 , 0.2
27.53333333333333 , 9109 , 12 , 0.2
27.566666666666666 , 684 , 2 , 0.2
27.566666666666666 , 2370 , 7 , 0.2
27.566666666666666 , 7016 , 12 , 0.2
27.599999999999998 , 5183 , 1 , 0.2
27.599999999999998 , 14548 , 6 , 0.2
27.599999999999998 , 32259 , 11 , 0.2
27.633333333333333 , 723 , 2 , 0.2
27.633333333333333 , 2249 , 7 , 0.2
27.633333333333333 , 6857 , 12 , 0.2
27.666666666666668 , 692 , 2 , 0.2
27.666666666666668 , 2666 , 7 , 0.2
27.666666666666668 , 7511 , 12 , 0.2
27.7 , 29 , 2 , 0.2
27.7 , 105 , 7 , 0.2
27.7 , 262 , 12 , 0.2
27.733333333333334 , 4637 , 1 , 0.2
27.733333333333334 , 13526 , 6 , 0.2
27.733333333333334 , 31004 , 11 , 0.2
27.766666666666666 , 518 , 2 , 0.2
27.766666666666666 , 1879 , 7 , 0.2
27.766666666666666 , 5952 , 12 , 0.2
27.8 , 1011 , 2 , 0.2
27.8 , 3322 , 7 , 0.2
27.8 , 9243 , 12 , 0.2
27.833333333333332 , 724 , 2 , 0.2
27.833333333333332 , 2160 , 7 , 0.2
27.833333333333332 , 6557 , 12 , 0.2
27.866666666666667 , 4178 , 1 , 0.2
27.866666666666667 , 12085 , 6 , 0.2
27.866666666666667 , 27830 , 11 , 0.2
27.9 , 66 , 2 , 0.2
27.9 , 186 , 7 , 0.2
27.9 , 776 , 12 , 0.2
27.933333333333334 , 835 , 2 , 0.2
27.933333333333334 , 2551 , 7 , 0.2
27.933333333333334 , 7365 , 12 , 0.2
27.966666666666665 , 597 , 2 , 0.2
27.966666666666665 , 1899 , 7 , 0.2
27.966666666666665 , 5732 , 12 , 0.2
28.0 , 7688 , 0 , 0.2
28.0 , 20994 , 5 , 0.2
28.0 , 37683 , 10 , 0.2
28.03333333333333 , 775 , 2 , 0.2
28.03333333333333 , 2136 , 7 , 0.2
28.03333333333333 , 5992 , 12 , 0.2
28.066666666666666 , 736 , 2 , 0.2
28.066666666666666 , 2245 , 7 , 0.2
28.066666666666666 , 6574 , 12 , 0.2
28.099999999999998 , 141 , 2 , 0.2
28.099999999999998 , 519 , 7 , 0.2
28.099999999999998 , 1745 , 12 , 0.2
28.133333333333333 , 3212 , 1 , 0.2
28.133333333333333 , 9264 , 6 , 0.2
28.133333333333333 , 21151 , 11 , 0.2
28.166666666666668 , 412 , 2 , 0.2
28.166666666666668 , 1665 , 7 , 0.2
28.166666666666668 , 5383 , 12 , 0.2
28.2 , 786 , 2 , 0.2
28.2 , 2519 , 7 , 0.2
28.2 , 7611 , 12 , 0.2
28.233333333333334 , 448 , 2 , 0.2
28.233333333333334 , 1664 , 7 , 0.2
28.233333333333334 , 5083 , 12 , 0.2
28.266666666666666 , 3050 , 1 , 0.2
28.266666666666666 , 9154 , 6 , 0.2
28.266666666666666 , 22358 , 11 , 0.2
28.3 , 130 , 2 , 0.2
28.3 , 461 , 7 , 0.2
28.3 , 1533 , 12 , 0.2
28.333333333333332 , 549 , 2 , 0.2
28.333333333333332 , 2175 , 7 , 0.2
28.333333333333332 , 6763 , 12 , 0.2
28.366666666666667 , 389 , 2 , 0.2
28.366666666666667 , 1657 , 7 , 0.2
28.366666666666667 , 4977 , 12 , 0.2
28.4 , 2152 , 1 , 0.2
28.4 , 7488 , 6 , 0.2
28.4 , 20195 , 11 , 0.2
28.433333333333334 , 357 , 2 , 0.2
28.433333333333334 , 1600 , 7 , 0.2
28.433333333333334 , 5054 , 12 , 0.2
28.466666666666665 , 510 , 2 , 0.2
28.466666666666665 , 2123 , 7 , 0.2
28.466666666666665 , 6576 , 12 , 0.2
28.5 , 68 , 2 , 0.2
28.5 , 278 , 7 , 0.2
28.5 , 1056 , 12 , 0.2
28.53333333333333 , 2088 , 1 , 0.2
28.53333333333333 , 7564 , 6 , 0.2
28.53333333333333 , 19616 , 11 , 0.2
28.566666666666666 , 328 , 2 , 0.2
28.566666666666666 , 1570 , 7 , 0.2
28.566666666666666 , 5181 , 12 , 0.2
28.599999999999998 , 703 , 2 , 0.2
28.599999999999998 , 2681 , 7 , 0.2
28.599999999999998 , 8036 , 12 , 0.2
28.633333333333333 , 366 , 2 , 0.2
28.633333333333333 , 1715 , 7 , 0.2
28.633333333333333 , 5898 , 12 , 0.2
28.666666666666668 , 2720 , 1 , 0.2
28.666666666666668 , 8856 , 6 , 0.2
28.666666666666668 , 21185 , 11 , 0.2
28.7 , 93 , 2 , 0.2
28.7 , 350 , 7 , 0.2
28.7 , 1181 , 12 , 0.2
28.733333333333334 , 598 , 2 , 0.2
28.733333333333334 , 2179 , 7 , 0.2
28.733333333333334 , 6952 , 12 , 0.2
28.766666666666666 , 395 , 2 , 0.2
28.766666666666666 , 1717 , 7 , 0.2
28.766666666666666 , 5447 , 12 , 0.2
28.8 , 2771 , 1 , 0.2
28.8 , 8705 , 6 , 0.2
28.8 , 21595 , 11 , 0.2
28.833333333333332 , 469 , 2 , 0.2
28.833333333333332 , 1597 , 7 , 0.2
28.833333333333332 , 5273 , 12 , 0.2
28.866666666666667 , 576 , 2 , 0.2
28.866666666666667 , 2092 , 7 , 0.2
28.866666666666667 , 6306 , 12 , 0.2
28.9 , 73 , 2 , 0.2
28.9 , 220 , 7 , 0.2
28.9 , 752 , 12 , 0.2
28.933333333333334 , 6633 , 0 , 0.2
28.933333333333334 , 18901 , 5 , 0.2
28.933333333333334 , 33022 , 10 , 0.2
28.966666666666665 , 347 , 2 , 0.2
28.966666666666665 , 1539 , 7 , 0.2
28.966666666666665 , 4958 , 12 , 0.2
29.0 , 697 , 2 , 0.2
29.0 , 2510 , 7 , 0.2
29.0 , 8448 , 12 , 0.2
29.03333333333333 , 359 , 2 , 0.2
29.03333333333333 , 1564 , 7 , 0.2
29.03333333333333 , 5101 , 12 , 0.2
29.066666666666666 , 2364 , 1 , 0.2
29.066666666666666 , 8178 , 6 , 0.2
29.066666666666666 , 22686 , 11 , 0.2
29.099999999999998 , 52 , 2 , 0.2
29.099999999999998 , 330 , 7 , 0.2
29.099999999999998 , 1629 , 12 , 0.2
29.133333333333333 , 537 , 2 , 0.2
29.133333333333333 , 2099 , 7 , 0.2
29.133333333333333 , 6921 , 12 , 0.2
29.166666666666668 , 397 , 2 , 0.2
29.166666666666668 , 1572 , 7 , 0.2
29.166666666666668 , 5183 , 12 , 0.2
29.2 , 2107 , 1 , 0.2
29.2 , 7068 , 6 , 0.2
29.2 , 18002 , 11 , 0.2
29.233333333333334 , 526 , 2 , 0.2
29.233333333333334 , 1641 , 7 , 0.2
29.233333333333334 , 4980 , 12 , 0.2
29.266666666666666 , 604 , 2 , 0.2
29.266666666666666 , 2080 , 7 , 0.2
29.266666666666666 , 6758 , 12 , 0.2
29.3 , 36 , 2 , 0.2
29.3 , 231 , 7 , 0.2
29.3 , 683 , 12 , 0.2
29.333333333333332 , 2568 , 1 , 0.2
29.333333333333332 , 8254 , 6 , 0.2
29.333333333333332 , 20848 , 11 , 0.2
29.366666666666667 , 331 , 2 , 0.2
29.366666666666667 , 1443 , 7 , 0.2
29.366666666666667 , 4611 , 12 , 0.2
29.4 , 495 , 2 , 0.2
29.4 , 1927 , 7 , 0.2
29.4 , 5984 , 12 , 0.2
29.433333333333334 , 182 , 2 , 0.2
29.433333333333334 , 972 , 7 , 0.2
29.433333333333334 , 3337 , 12 , 0.2
29.466666666666665 , 2350 , 1 , 0.2
29.466666666666665 , 7321 , 6 , 0.2
29.466666666666665 , 19108 , 11 , 0.2
29.5 , 39 , 2 , 0.2
29.5 , 243 , 7 , 0.2
29.5 , 767 , 12 , 0.2
29.53333333333333 , 169 , 2 , 0.2
29.53333333333333 , 994 , 7 , 0.2
29.53333333333333 , 3087 , 12 , 0.2
29.566666666666666 , 434 , 2 , 0.2
29.566666666666666 , 1818 , 7 , 0.2
29.566666666666666 , 4974 , 12 , 0.2
29.599999999999998 , 2033 , 1 , 0.2
29.599999999999998 , 6518 , 6 , 0.2
29.599999999999998 , 16112 , 11 , 0.2
29.633333333333333 , 217 , 2 , 0.2
29.633333333333333 , 740 , 7 , 0.2
29.633333333333333 , 2482 , 12 , 0.2
29.666666666666668 , 129 , 2 , 0.2
29.666666666666668 , 631 , 7 , 0.2
29.666666666666668 , 2349 , 12 , 0.2
29.7 , 88 , 2 , 0.2
29.7 , 407 , 7 , 0.2
29.7 , 1131 , 12 , 0.2
29.733333333333334 , 848 , 1 , 0.2
29.733333333333334 , 3500 , 6 , 0.2
29.733333333333334 , 9782 , 11 , 0.2
29.766666666666666 , 39 , 2 , 0.2
29.766666666666666 , 633 , 7 , 0.2
29.766666666666666 , 1906 , 12 , 0.2
29.8 , 207 , 2 , 0.2
29.8 , 1020 , 7 , 0.2
29.8 , 3102 , 12 , 0.2
29.833333333333332 , 151 , 2 , 0.2
29.833333333333332 , 802 , 7 , 0.2
29.833333333333332 , 2754 , 12 , 0.2
29.866666666666667 , 6692 , 0 , 0.2
29.866666666666667 , 19649 , 5 , 0.2
29.866666666666667 , 33997 , 10 , 0.2
29.9 , 63 , 2 , 0.2
29.9 , 267 , 7 , 0.2
29.9 , 901 , 12 , 0.2
29.933333333333334 , 272 , 2 , 0.2
29.933333333333334 , 1249 , 7 , 0.2
29.933333333333334 , 4002 , 12 , 0.2
29.966666666666665 , 74 , 2 , 0.2
29.966666666666665 , 541 , 7 , 0.2
29.966666666666665 , 2198 , 12 , 0.2
30.0 , 1529 , 1 , 0.2
30.0 , 5324 , 6 , 0.2
30.0 , 16928 , 11 , 0.2
30.03333333333333 , 57 , 2 , 0.2
30.03333333333333 , 479 , 7 , 0.2
30.03333333333333 , 1573 , 12 , 0.2
30.066666666666666 , 159 , 2 , 0.2
30.066666666666666 , 875 , 7 , 0.2
30.066666666666666 , 2964 , 12 , 0.2
30.099999999999998 , 96 , 2 , 0.2
30.099999999999998 , 405 , 7 , 0.2
30.099999999999998 , 1388 , 12 , 0.2
30.133333333333333 , 801 , 1 , 0.2
30.133333333333333 , 3321 , 6 , 0.2
30.133333333333333 , 8726 , 11 , 0.2
30.166666666666668 , 65 , 2 , 0.2
30.166666666666668 , 582 , 7 , 0.2
30.166666666666668 , 1753 , 12 , 0.2
30.2 , 295 , 2 , 0.2
30.2 , 1377 , 7 , 0.2
30.2 , 4086 , 12 , 0.2
30.233333333333334 , 173 , 2 , 0.2
30.233333333333334 , 794 , 7 , 0.2
30.233333333333334 , 2446 , 12 , 0.2
30.266666666666666 , 1056 , 1 , 0.2
30.266666666666666 , 3949 , 6 , 0.2
30.266666666666666 , 9840 , 11 , 0.2
30.3 , 72 , 2 , 0.2
30.3 , 396 , 7 , 0.2
30.3 , 1277 , 12 , 0.2
30.333333333333332 , 213 , 2 , 0.2
30.333333333333332 , 1010 , 7 , 0.2
30.333333333333332 , 2781 , 12 , 0.2
30.366666666666667 , 121 , 2 , 0.2
30.366666666666667 , 612 , 7 , 0.2
30.366666666666667 , 1728 , 12 , 0.2
30.4 , 786 , 1 , 0.2
30.4 , 3150 , 6 , 0.2
30.4 , 8057 , 11 , 0.2
30.433333333333334 , 41 , 2 , 0.2
30.433333333333334 , 209 , 7 , 0.2
30.433333333333334 , 538 , 12 , 0.2
30.466666666666665 , 70 , 2 , 0.2
30.466666666666665 , 374 , 7 , 0.2
30.466666666666665 , 1223 , 12 , 0.2
30.5 , 32 , 2 , 0.2
30.5 , 124 , 7 , 0.2
30.5 , 223 , 12 , 0.2
30.53333333333333 , 403 , 1 , 0.2
30.53333333333333 , 1832 , 6 , 0.2
30.53333333333333 , 4994 , 11 , 0.2
30.566666666666666 , 57 , 2 , 0.2
30.566666666666666 , 212 , 7 , 0.2
30.566666666666666 , 430 , 12 , 0.2
30.599999999999998 , 69 , 2 , 0.2
30.599999999999998 , 311 , 7 , 0.2
30.599999999999998 , 877 , 12 , 0.2
30.633333333333333 , 28 , 2 , 0.2
30.633333333333333 , 153 , 7 , 0.2
30.633333333333333 , 383 , 12 , 0.2
30.666666666666668 , 703 , 1 , 0.2
30.666666666666668 , 2511 , 6 , 0.2
30.666666666666668 , 6772 , 11 , 0.2
30.7 , 63 , 2 , 0.2
30.7 , 209 , 7 , 0.2
30.7 , 508 , 12 , 0.2
30.733333333333334 , 78 , 2 , 0.2
30.733333333333334 , 462 , 7 , 0.2
30.733333333333334 , 1324 , 12 , 0.2
30.766666666666666 , 54 , 2 , 0.2
30.766666666666666 , 369 , 7 , 0.2
30.766666666666666 , 878 , 12 , 0.2
30.8 , 6665 , 0 , 0.2
30.8 , 19784 , 5 , 0.2
30.8 , 35248 , 10 , 0.2
30.833333333333332 , 75 , 2 , 0.2
30.833333333333332 , 427 , 7 , 0.2
30.833333333333332 , 1347 , 12 , 0.2
30.866666666666667 , 129 , 2 , 0.2
30.866666666666667 , 700 , 7 , 0.2
30.866666666666667 , 2022 , 12 , 0.2
30.9 , 89 , 2 , 0.2
30.9 , 398 , 7 , 0.2
30.9 , 1112 , 12 , 0.2
30.933333333333334 , 568 , 1 , 0.2
30.933333333333334 , 2316 , 6 , 0.2
30.933333333333334 , 5403 , 11 , 0.2
30.966666666666665 , 107 , 2 , 0.2
30.966666666666665 , 575 , 7 , 0.2
30.966666666666665 , 1845 , 12 , 0.2
31.0 , 252 , 2 , 0.2
31.0 , 1218 , 7 , 0.2
31.0 , 3892 , 12 , 0.2
31.03333333333333 , 129 , 2 , 0.2
31.03333333333333 , 732 , 7 , 0.2
31.03333333333333 , 1956 , 12 , 0.2
31.066666666666666 , 1198 , 1 , 0.2
31.066666666666666 , 4176 , 6 , 0.2
31.066666666666666 , 12491 , 11 , 0.2
31.099999999999998 , 120 , 2 , 0.2
31.099999999999998 , 497 , 7 , 0.2
31.099999999999998 , 1674 , 12 , 0.2
31.133333333333333 , 250 , 2 , 0.2
31.133333333333333 , 1183 , 7 , 0.2
31.133333333333333 , 3405 , 12 , 0.2
31.166666666666668 , 157 , 2 , 0.2
31.166666666666668 , 884 , 7 , 0.2
31.166666666666668 , 2215 , 12 , 0.2
31.2 , 1221 , 1 , 0.2
31.2 , 3998 , 6 , 0.2
31.2 , 9491 , 11 , 0.2
